125.992 125.992 125.992
52.880091306672 53.262668719863 -41.011493885572 -0.005924213545 0.004760775023 0.000862346846 0.858078425264 0.416105294651 0.300928230414 0.433855931119 -0.900940711159 0.008652514620 0.274718851062 0.123134961487 -0.953607536742 -0.005939740780 0.004436017246 -0.000555654154  | 1.000000000000 52.880091306672 53.262668719863 -41.011493885572 0.274718851062 0.123134961487 -0.953607536742 0.000000000000 . 105
-63.481311442034 -36.691336972410 -4.953424255224 -0.003845683789 0.003866708959 0.003365795359 -0.362377278704 0.400894868990 -0.841407161781 -0.078427690909 0.886449128471 0.456132699915 0.928725904225 0.231281747336 -0.289787764012 -0.003054064752 0.003870285849 -0.001505102401  | 1.000000000000 -63.481311442034 -36.691336972410 -4.953424255224 0.928725904225 0.231281747336 -0.289787764012 0.000000000000 . 23
-8.502591048030 -8.515935130406 41.717729397497 -0.011055437833 0.006506031372 0.009415563813 0.011640043090 0.972015063021 -0.234629978174 0.987766771115 0.025313308168 0.153870212551 0.155503425293 -0.233550751852 -0.959829532277 -0.004316047427 0.006769322238 -0.001149151345  | 1.000000000000 -8.502591048030 -8.515935130406 41.717729397497 0.155503425293 -0.233550751852 -0.959829532277 0.000000000000 . 142
-53.804572123034 8.314690652053 -34.739888299334 -0.001710737629 0.001365358867 0.004662211468 0.040892793436 -0.915521456382 0.400185260035 0.522272675346 -0.321862075961 -0.789706310374 0.851797529952 0.241299123418 0.464990000974 -0.001052243480 0.002612536027 -0.000496992131  | 1.000000000000 -53.804572123034 8.314690652053 -34.739888299334 0.851797529952 0.241299123418 0.464990000974 0.000000000000 . 181
41.371848059366 63.187580331115 -17.212226955189 -0.001199621431 0.003297254954 0.005638767784 -0.025783151815 -0.895030822259 0.445258415180 0.495455610212 -0.398294113542 -0.771936226270 0.868250521101 0.200702830881 0.453717319797 -0.000951820635 0.002686330603 -0.000525853434  | 1.000000000000 41.371848059366 63.187580331115 -17.212226955189 0.868250521101 0.200702830881 0.453717319797 0.000000000000 . 74
55.524376199479 -28.355593972047 -22.369886265382 -0.001437942712 0.000205332116 0.011023357823 -0.225038574573 0.069986219207 0.971833097335 -0.143379605821 -0.988937312018 0.038016858538 0.963742667204 -0.130785786765 0.232583639562 -0.000267697284 0.003467580316 -0.000927138912  | 1.000000000000 55.524376199479 -28.355593972047 -22.369886265382 0.963742667204 -0.130785786765 0.232583639562 0.000000000000 . 42
-37.775504594610 -3.136898003367 57.009017121801 -0.009792740458 0.004228050846 0.001612894234 0.102577959811 -0.798503301246 -0.593186513720 -0.794919246342 0.292682970780 -0.531450910631 0.597980897652 0.526050526579 -0.604722820414 -0.003796049111 0.004307868735 -0.000002373127  | 1.000000000000 -37.775504594610 -3.136898003367 57.009017121801 0.597980897652 0.526050526579 -0.604722820414 0.000000000000 . 106
-7.531757248863 22.584401696489 -6.449745927244 -0.000977255297 0.012256954340 0.004597726926 0.236613017551 0.815320946803 -0.528456274094 0.036631359494 0.536028340905 0.843404862002 0.970913190469 -0.218918641169 0.096964968529 -0.000554024908 0.003843537089 -0.001527440321  | 1.000000000000 -7.531757248863 22.584401696489 -6.449745927244 0.970913190469 -0.218918641169 0.096964968529 0.000000000000 . 13
-41.786877351103 1.240971708409 -40.189892848939 -0.003606445885 -0.006610784766 0.011108754565 -0.365122776301 -0.109470289282 0.924500737691 0.836837580504 -0.473711609228 0.274408773801 0.407907124334 0.873849853835 0.264571749947 -0.003237996417 0.000970466085 -0.000642836534  | 1.000000000000 -41.786877351103 1.240971708409 -40.189892848939 0.407907124334 0.873849853835 0.264571749947 0.000000000000 . 132
-28.482061983091 -41.114424591327 51.795308958643 -0.008043893195 0.002964378389 0.004553623223 -0.158598516996 0.984247726289 -0.078121211598 0.569480518702 0.155824998407 0.807100061139 0.806559637737 0.083516364661 -0.585223519356 -0.005845895320 0.002509534842 -0.002842170573  | 1.000000000000 -28.482061983091 -41.114424591327 51.795308958643 0.806559637737 0.083516364661 -0.585223519356 0.000000000000 . 174
-10.876321791154 22.797142212815 36.897602113952 -0.003038106124 0.004424839621 0.008221000068 -0.897150846544 -0.437743693074 0.059167708420 0.438341606887 -0.898802910707 -0.003156481618 0.054561838469 0.023103828229 0.998243066044 -0.000080279342 0.000131285950 -0.000766665420  | 1.000000000000 -10.876321791154 22.797142212815 36.897602113952 0.054561838469 0.023103828229 0.998243066044 0.000000000000 . 66
-11.767537404958 34.326786790941 -23.989483403166 -0.011720738537 -0.003163672000 0.007097926676 0.980451702332 -0.059727533793 0.187475548009 0.105216680610 -0.645987525421 -0.756061880485 0.166264576852 0.761007712647 -0.627075236137 -0.005730155916 0.000996655478 -0.000119391823  | 1.000000000000 -11.767537404958 34.326786790941 -23.989483403166 0.166264576852 0.761007712647 -0.627075236137 0.000000000000 . 198
56.835994389925 18.689418386114 23.885091109137 -0.000464864971 -0.009315766289 0.011438982052 0.434990974666 -0.439395365459 0.785948194712 -0.843565747923 -0.504142883824 0.185031839479 0.314928056689 -0.743486156901 -0.589956484503 0.003966968118 0.004224518712 -0.001189693950  | 1.000000000000 56.835994389925 18.689418386114 23.885091109137 0.314928056689 -0.743486156901 -0.589956484503 0.000000000000 . 59
-45.632763410061 60.163212921515 46.545861827110 -0.003477831003 0.002505225227 0.007447087874 -0.232062080922 0.765247003888 0.600453340102 -0.407598119109 -0.636997075685 0.654292364977 0.883182293695 -0.092907204291 0.459736106363 0.000670352218 0.002754247537 0.000622202959  | 1.000000000000 -45.632763410061 60.163212921515 46.545861827110 0.883182293695 -0.092907204291 0.459736106363 0.000000000000 . 145
-35.938980786234 63.443356774991 -53.991353813736 -0.005774798265 0.007906904536 0.005166750470 -0.562579468823 0.162676066184 -0.810580556607 0.825805708220 0.157250461738 -0.541587688703 0.039360812110 -0.974068164850 -0.222804705282 0.004567678459 0.000911572998 -0.000579116703  | 1.000000000000 -35.938980786234 63.443356774991 -53.991353813736 0.039360812110 -0.974068164850 -0.222804705282 0.000000000000 . 148
49.307115822488 -56.061634872748 50.554903703808 -0.001101273061 0.000853787242 0.000614166964 -0.522794081874 -0.702883046794 -0.482329524793 -0.852283503077 0.419493213876 0.312471236908 -0.017296772531 0.574439610439 -0.818364194976 0.009085843799 0.003085090366 0.000888184063  | 1.000000000000 49.307115822488 -56.061634872748 50.554903703808 -0.017296772531 0.574439610439 -0.818364194976 0.000000000000 . 25
51.068157626065 0.390512302175 16.186022030606 -0.008704584932 0.004374998018 0.007569131271 0.861169166513 -0.202465007413 -0.466256997181 0.508272638524 0.330658669717 0.795187882874 -0.006825802167 -0.921776960503 0.387660474527 0.002852389926 0.001252275228 -0.001916891167  | 1.000000000000 51.068157626065 0.390512302175 16.186022030606 -0.006825802167 -0.921776960503 0.387660474527 0.000000000000 . 170
-1.773786974611 -1.466586008171 38.994703035160 -0.001940734426 -0.009179242879 0.000163935717 0.259165848170 0.530152225783 -0.807323776833 0.920051237604 0.118785531617 0.373357359192 0.293834619006 -0.839540716687 -0.456982058398 0.004868226478 0.002075670317 -0.000214248491  | 1.000000000000 -1.773786974611 -1.466586008171 38.994703035160 0.293834619006 -0.839540716687 -0.456982058398 0.000000000000 . 180
-32.424828489341 27.874247671145 -44.861562081631 -0.003186157449 -0.007327559262 0.005598141205 0.662371371922 -0.734844706979 0.145833543065 0.023909614596 -0.173824598007 -0.984486332794 0.748794027746 0.655582386701 -0.097566583724 -0.001488672849 0.004135805386 0.001454719864  | 1.000000000000 -32.424828489341 27.874247671145 -44.861562081631 0.748794027746 0.655582386701 -0.097566583724 0.000000000000 . 2
19.895429542961 47.796808594894 -44.494202038544 -0.007100488060 0.005712257441 0.008839733081 0.390135748288 0.864016582751 -0.318228601227 0.918101340816 -0.338805597687 0.205671327530 0.069885806143 -0.372405842739 -0.925434958489 -0.009084815807 0.000402010851 -0.000407497768  | 1.000000000000 19.895429542961 47.796808594894 -44.494202038544 0.069885806143 -0.372405842739 -0.925434958489 0.000000000000 . 52
45.550031108702 -54.271908165868 -8.618688009851 -0.010392485466 0.007283704053 0.000513797504 0.193701971657 -0.958337055480 0.209927688191 0.875687650077 0.072416459302 -0.477417004226 0.442324186178 0.276307698980 0.853231135043 -0.000402916872 0.001378750187 0.001381351721  | 1.000000000000 45.550031108702 -54.271908165868 -8.618688009851 0.442324186178 0.276307698980 0.853231135043 0.000000000000 . 48
56.309920954060 -52.232952783116 8.744495591861 -0.002425260261 -0.008893173563 0.004855863602 0.657959045310 -0.734547095501 -0.165923052002 0.593979090690 0.641657393738 -0.485246977202 0.462902510813 0.220717814307 0.858489902055 -0.000655373641 0.001229236784 -0.000226553786  | 1.000000000000 56.309920954060 -52.232952783116 8.744495591861 0.462902510813 0.220717814307 0.858489902055 0.000000000000 . 179
36.298439852668 46.710058269953 8.595069986770 -0.003678790219 -0.001079577188 0.006229559072 0.581644279848 -0.199529398679 0.788592385699 0.625157381711 -0.510617058564 -0.590295237653 0.520449978203 0.836336199483 -0.172260214854 -0.004068689752 0.001961237002 -0.000407158761  | 1.000000000000 36.298439852668 46.710058269953 8.595069986770 0.520449978203 0.836336199483 -0.172260214854 0.000000000000 . 0
60.631102299106 56.225559295346 47.010357344363 -0.002560642942 0.009558391071 0.004584033126 -0.938074797826 0.121360606671 -0.324480009913 0.023885978374 0.957060901437 0.288901178567 0.345608353084 0.263260392176 -0.900693528449 -0.007059839164 0.001318342307 -0.001101109552  | 1.000000000000 60.631102299106 56.225559295346 47.010357344363 0.345608353084 0.263260392176 -0.900693528449 0.000000000000 . 73
-10.186856423835 -43.429297578549 -2.810462917034 -0.003118261169 0.013906695135 0.009737632656 -0.986008731838 -0.166617866401 0.005026662416 0.100560738736 -0.570505830061 0.815113878971 -0.132944795174 0.804214886994 0.579278945736 -0.002478031102 0.000080022922 0.000936004814  | 1.000000000000 -10.186856423835 -43.429297578549 -2.810462917034 -0.132944795174 0.804214886994 0.579278945736 0.000000000000 . 128
-47.675389559730 37.488719801390 -39.112006715255 -0.005699226707 0.002610192308 0.003631347244 0.432208158959 -0.511710786792 0.742528233814 -0.889441382828 -0.377613627547 0.257491698513 0.148627500288 -0.771725352034 -0.618344440572 0.005786794215 0.000333336927 0.000372499272  | 1.000000000000 -47.675389559730 37.488719801390 -39.112006715255 0.148627500288 -0.771725352034 -0.618344440572 0.000000000000 . 60
60.321194400559 -60.783411705447 -12.933665920243 -0.002857567871 -0.011082065381 0.003801672340 -0.411430971172 -0.044027833568 0.910376903173 -0.153839926282 -0.981147226494 -0.116976053213 0.898363975815 -0.188179886851 0.396901117589 0.001162694398 0.002790379808 0.000861267463  | 1.000000000000 60.321194400559 -60.783411705447 -12.933665920243 0.898363975815 -0.188179886851 0.396901117589 0.000000000000 . 39
29.745370944679 -49.910692170224 -53.745909703330 -0.001027783911 0.005547772007 0.008009849538 -0.536901591319 -0.494151307814 0.683777131984 0.045903342843 -0.826414023306 -0.561188689478 0.842395135524 -0.269915444293 0.466386201101 0.000400822213 0.002790926617 -0.000778959499  | 1.000000000000 29.745370944679 -49.910692170224 -53.745909703330 0.842395135524 -0.269915444293 0.466386201101 0.000000000000 . 150
-49.827910442963 5.205806861118 35.516056702240 -0.003604836488 0.004126678000 0.001913120746 -0.475654291207 0.869175185407 0.135231254998 0.617259735369 0.220281380415 0.755292349051 0.626692439997 0.442730855616 -0.641284628801 0.001506679083 0.006107005752 0.002222639884  | 1.000000000000 -49.827910442963 5.205806861118 35.516056702240 0.626692439997 0.442730855616 -0.641284628801 0.000000000000 . 138
34.921470363854 56.520385697920 -29.842672883993 -0.003763617163 0.002022137925 0.001067732692 0.239025954428 0.839786759909 -0.487467733282 -0.232282997088 0.536895800270 0.811041003227 0.942820875020 -0.080629383806 0.323400216595 0.000461974725 0.003178879685 0.000264925152  | 1.000000000000 34.921470363854 56.520385697920 -29.842672883993 0.942820875020 -0.080629383806 0.323400216595 0.000000000000 . 97
12.116689399924 24.934834558160 53.976285389738 -0.003534777079 0.000059423334 0.008957325765 -0.752429552322 0.477396474000 -0.453808743200 0.056634260926 -0.639532524801 -0.766675100815 -0.656233441148 -0.602570125656 0.454166174858 0.001540870026 -0.002404795571 0.000802235974  | 1.000000000000 12.116689399924 24.934834558160 53.976285389738 -0.656233441148 -0.602570125656 0.454166174858 0.000000000000 . 189
-28.203220381618 20.650972237026 -0.215048491551 -0.012116435695 0.006001702498 0.004738938885 -0.628536765836 0.286483402393 0.723096669987 -0.752999371902 0.008670201851 -0.657964112635 -0.194765191727 -0.958045973716 0.210272281431 0.003326661965 -0.001161939677 0.000589157028  | 1.000000000000 -28.203220381618 20.650972237026 -0.215048491551 -0.194765191727 -0.958045973716 0.210272281431 0.000000000000 . 24
-16.038250470221 -41.016742839638 26.788480239053 -0.001937603105 0.003909737052 0.001496583631 0.390020025983 0.167518807187 -0.905440129755 -0.099221209923 -0.969941144054 -0.222192098356 -0.915444990610 0.176498233161 -0.361675051472 -0.001983638814 -0.004640261151 0.000732123578  | 1.000000000000 -16.038250470221 -41.016742839638 26.788480239053 -0.915444990610 0.176498233161 -0.361675051472 0.000000000000 . 54
29.557081528244 4.138899711974 49.962985782496 -0.007742185674 -0.005108165428 0.003907627378 0.737761283307 0.232021995065 0.633935393128 0.112678309964 -0.968228716829 0.223241462035 0.665591381643 -0.093268138794 -0.740465506940 -0.001532803808 0.006108696707 -0.000913530278  | 1.000000000000 29.557081528244 4.138899711974 49.962985782496 0.665591381643 -0.093268138794 -0.740465506940 0.000000000000 . 154
21.089727600795 44.238941290109 13.511858912220 -0.004998349053 0.005645906561 0.009549018198 0.909314692326 -0.186290437155 0.372078840226 -0.309004364318 -0.901175222602 0.303972895173 0.278680988142 -0.391381005150 -0.877016428384 0.001998210176 0.006730422245 -0.001106701241  | 1.000000000000 21.089727600795 44.238941290109 13.511858912220 0.278680988142 -0.391381005150 -0.877016428384 0.000000000000 . 188
-59.363608437355 -25.187337896063 16.152042867724 -0.004688888001 0.013390087846 -0.006180860386 0.371561402436 -0.458909083098 -0.807059215714 -0.900283567389 0.034247417218 -0.433954620558 0.226785410707 0.887822937225 -0.400423288068 -0.003601343945 0.003930366724 0.001908521140  | 1.000000000000 -59.363608437355 -25.187337896063 16.152042867724 0.226785410707 0.887822937225 -0.400423288068 0.000000000000 . 104
47.061811598683 46.238203999245 -52.264452501232 -0.003468203185 -0.006691671476 -0.006310633233 -0.491613426620 -0.558405112179 0.668206532039 -0.790792118333 0.607588514727 -0.074054185256 -0.364642378707 -0.564818490724 -0.740281033248 0.004800703418 -0.003962946667 0.000280302811  | 1.000000000000 47.061811598683 46.238203999245 -52.264452501232 -0.364642378707 -0.564818490724 -0.740281033248 0.000000000000 . 53
-24.755585992863 -3.308626680054 -57.303467501078 0.003856147776 -0.001695331240 -0.009522995874 0.390165792283 -0.390899440140 -0.833647576755 -0.815616287330 -0.566861252345 -0.115924080464 -0.427247851222 0.725166152194 -0.539993819723 -0.005739711465 0.001223379558 0.002168471342  | 1.000000000000 -24.755585992863 -3.308626680054 -57.303467501078 -0.427247851222 0.725166152194 -0.539993819723 0.000000000000 . 26
-11.505182605255 31.696606256839 -0.878981862794 -0.000336966740 0.001539740645 0.010453076734 -0.528057705462 0.603648901251 0.597296462170 -0.183708048618 -0.767903366707 0.613657699596 0.829099760328 0.214318509276 0.516392451539 -0.001223084959 0.002383666531 -0.001040504065  | 1.000000000000 -11.505182605255 31.696606256839 -0.878981862794 0.829099760328 0.214318509276 0.516392451539 0.000000000000 . 168
52.763185920214 34.252972968012 4.842979162439 -0.005105767217 0.002998640460 -0.004973864162 -0.878872243208 -0.396799050572 0.264828422913 0.034429632155 0.500923716155 0.864806354639 -0.475813178199 0.769172246027 -0.426586304743 -0.005130081479 -0.001187516977 0.001070776541  | 1.000000000000 52.763185920214 34.252972968012 4.842979162439 -0.475813178199 0.769172246027 -0.426586304743 0.000000000000 . 91
-38.244266969705 22.251753949847 18.839508963638 0.012491994965 0.004231138545 -0.009533918984 -0.826819163523 -0.012284800755 -0.562333668298 -0.080596673480 -0.986856876935 0.140063131015 -0.556663495349 0.161129103877 0.814962063429 -0.000162434357 -0.001598825798 -0.000903577421  | 1.000000000000 -38.244266969705 22.251753949847 18.839508963638 -0.556663495349 0.161129103877 0.814962063429 0.000000000000 . 133
-23.831202530732 -33.834991343859 11.222824062441 0.011684722097 -0.005714298972 -0.009092449961 0.910599635722 0.155106706639 0.383079904170 0.087363152040 0.833718991670 -0.545234190596 -0.403950471084 0.529957123251 0.745633599314 -0.001847378926 -0.000547081935 0.001793946030  | 1.000000000000 -23.831202530732 -33.834991343859 11.222824062441 -0.403950471084 0.529957123251 0.745633599314 0.000000000000 . 1
-5.482284046709 -57.982337154071 -31.202358365835 0.010975628806 0.009662207573 0.010403407391 0.711981850056 -0.207574087751 -0.670816549650 -0.169235112990 -0.977874386710 0.122968127364 -0.681499318944 0.025974639757 -0.731357639167 -0.002334662838 -0.005795386254 0.000832028106  | 1.000000000000 -5.482284046709 -57.982337154071 -31.202358365835 -0.681499318944 0.025974639757 -0.731357639167 0.000000000000 . 161
-44.341126950530 17.223203292060 -23.680962846032 0.009180976548 0.002017236167 -0.005255822536 0.868110810073 0.421955753799 0.261413395352 0.471323356983 -0.865909916374 -0.167494208519 0.155685306296 0.268613772098 -0.950583361333 -0.000349132634 -0.008412651660 -0.001186367765  | 1.000000000000 -44.341126950530 17.223203292060 -23.680962846032 0.155685306296 0.268613772098 -0.950583361333 0.000000000000 . 14
-28.341732483198 -29.124910406170 -5.506536881016 -0.001194646495 -0.002229192214 -0.004708438866 -0.974338995663 -0.082929769183 -0.209251463350 -0.204245178433 0.716425381432 0.667097129305 0.094590848490 0.692717349446 -0.714979192116 -0.006028894223 -0.001433417297 -0.000911516036  | 1.000000000000 -28.341732483198 -29.124910406170 -5.506536881016 0.094590848490 0.692717349446 -0.714979192116 0.000000000000 . 63
52.998908709284 7.072712707015 -49.035053689219 -0.005834657462 0.001345105317 -0.010510677664 0.293401528497 0.394779195092 -0.870669242708 -0.946290631748 -0.009469822386 -0.323178530738 -0.135829243321 0.918727222622 0.370797393562 -0.002810384737 -0.001362301470 -0.001382465606  | 1.000000000000 52.998908709284 7.072712707015 -49.035053689219 -0.135829243321 0.918727222622 0.370797393562 0.000000000000 . 187
-11.453292450986 19.787186160856 48.748948983296 0.004572027691 -0.004826157825 -0.007493830688 -0.125923165236 -0.988989607506 0.077736173705 -0.170615682812 -0.055602063096 -0.983767604345 0.977258228533 -0.137142140952 -0.161735549400 0.003908995455 0.002895882886 0.002946410941  | 1.000000000000 -11.453292450986 19.787186160856 48.748948983296 0.977258228533 -0.137142140952 -0.161735549400 0.000000000000 . 4
19.099452012027 -16.669420932659 -4.698484498529 -0.012565619181 0.002480575677 0.005681361269 0.532312302355 0.724185744766 -0.438404630267 0.706927086276 -0.665170866584 -0.240420075985 -0.465722779613 -0.181941543705 -0.866025153921 0.007376741321 0.002502126119 -0.002085050449  | 1.000000000000 19.099452012027 -16.669420932659 -4.698484498529 -0.465722779613 -0.181941543705 -0.866025153921 0.000000000000 . 112
3.648845766047 -39.670142498650 40.178772822495 0.007828870367 0.008800373013 -0.008554757381 -0.631655420233 -0.759036528023 -0.157718037070 0.578225578743 -0.596786023696 0.556328699610 -0.516397724800 0.260211435276 0.815857462289 -0.000526347387 -0.001509933505 -0.000657628462  | 1.000000000000 3.648845766047 -39.670142498650 40.178772822495 -0.516397724800 0.260211435276 0.815857462289 0.000000000000 . 41
12.848481351303 7.472465592390 -58.430120940387 0.002574056259 0.006629717648 -0.002212378800 0.735833617550 -0.585059955949 0.340960019986 0.130290713388 -0.371782003625 -0.919131368078 0.664509757106 0.720751683817 -0.197341817632 -0.005029966786 -0.001533048221 -0.003714401830  | 1.000000000000 12.848481351303 7.472465592390 -58.430120940387 0.664509757106 0.720751683817 -0.197341817632 0.000000000000 . 197
-47.594971370415 21.784553248445 -28.710995292884 0.004537493092 -0.013295892467 -0.013394946708 0.603853104369 -0.592821274367 0.532845535781 -0.762156566867 -0.625162813040 0.168192820219 0.233406932043 -0.507675480843 -0.829329132628 -0.007504558951 -0.005965856171 0.000698126537  | 1.000000000000 -47.594971370415 21.784553248445 -28.710995292884 0.233406932043 -0.507675480843 -0.829329132628 0.000000000000 . 82
-51.355887385704 -36.825012649138 -11.417658512443 0.001678051680 0.006849228182 0.000865045145 0.541851100913 0.615889851972 0.571906526171 0.162984975713 -0.744538189760 0.647378391423 0.824520031370 -0.257570522822 -0.503809630359 0.004918726493 0.002969597560 0.002188247464  | 1.000000000000 -51.355887385704 -36.825012649138 -11.417658512443 0.824520031370 -0.257570522822 -0.503809630359 0.000000000000 . 98
-28.930227508140 -48.726865521999 -32.026360729409 0.001352748744 -0.003558967916 -0.006476500888 0.356093630515 -0.932062019574 0.066766143915 -0.918930225976 -0.362252367836 -0.156014299940 0.169601197209 -0.005797729238 -0.985495723096 0.007387931883 0.002872098955 0.000622691056  | 1.000000000000 -28.930227508140 -48.726865521999 -32.026360729409 0.169601197209 -0.005797729238 -0.985495723096 0.000000000000 . 152
-50.597904013836 -49.280354439717 3.875497687546 0.010783491818 -0.006713637431 0.008183028542 0.557849648173 -0.323296643184 0.764384098827 0.579878577397 -0.507074739872 -0.637664522817 0.593754667779 0.798970893519 -0.095398667708 -0.004472216098 0.000382642322 -0.002145044505  | 1.000000000000 -50.597904013836 -49.280354439717 3.875497687546 0.593754667779 0.798970893519 -0.095398667708 0.000000000000 . 131
-61.740071465056 52.451900257223 39.145516837555 0.007511764490 -0.006037390181 -0.007763579775 0.543841490586 0.032801898504 -0.838546640666 -0.166521706914 -0.975147482234 -0.146143453564 -0.822500428112 0.219115091556 -0.524863432150 0.000279158956 -0.005541245431 -0.000946825110  | 1.000000000000 -61.740071465056 52.451900257223 39.145516837555 -0.822500428112 0.219115091556 -0.524863432150 0.000000000000 . 195
-3.388742770364 1.577157721858 -36.385603405103 0.001810352449 0.001185758429 -0.009504140634 0.468084033458 -0.073590761841 0.880614409031 -0.362305801813 -0.924901562968 0.115289222355 0.805997421580 -0.373016753766 -0.459594014121 0.000665865581 0.005312493089 -0.000989976035  | 1.000000000000 -3.388742770364 1.577157721858 -36.385603405103 0.805997421580 -0.373016753766 -0.459594014121 0.000000000000 . 89
17.409459410055 13.951315651231 38.460756101414 0.004835484542 0.000235840072 -0.004161868411 -0.462000175153 0.879915227530 -0.110928042076 -0.812542056527 -0.369825146508 0.450560503578 0.355431068609 0.298292731005 0.885827411010 0.009336864333 -0.011653161084 -0.001378990950  | 1.000000000000 17.409459410055 13.951315651231 38.460756101414 0.355431068609 0.298292731005 0.885827411010 0.000000000000 . 8
16.803254070753 -50.638403234407 -31.556866250201 -0.008637042570 0.001558366217 0.003801526880 0.410290244490 -0.838129182060 0.359445947893 -0.901505851041 -0.313260245430 0.298588712401 -0.137655787441 -0.446550660971 -0.884105984241 0.006196698029 0.003580282011 -0.001301300702  | 1.000000000000 16.803254070753 -50.638403234407 -31.556866250201 -0.137655787441 -0.446550660971 -0.884105984241 0.000000000000 . 40
-37.895876998614 -4.142696278890 -0.624581062331 0.003848611030 -0.001240100031 -0.003673579199 0.189671696343 0.936412551738 0.295222256197 0.053953163016 0.290285751008 -0.955417834752 -0.980364066970 0.197143895948 0.004536571764 0.000646075817 -0.004070495856 -0.001442406624  | 1.000000000000 -37.895876998614 -4.142696278890 -0.624581062331 -0.980364066970 0.197143895948 0.004536571764 0.000000000000 . 119
58.354452597782 -50.842300415772 21.408174657430 0.000683058553 -0.000004827588 -0.006688919228 0.112899380835 0.281461709500 0.952907674380 -0.015921578612 0.959428699304 -0.281501464092 -0.993478853898 0.016609546552 0.112800220841 0.001433914369 -0.003578722820 -0.001672683772  | 1.000000000000 58.354452597782 -50.842300415772 21.408174657430 -0.993478853898 0.016609546552 0.112800220841 0.000000000000 . 12
44.665728565574 -21.797944092624 3.469142927531 0.010684301834 -0.006413005841 -0.008581012303 -0.766302774477 -0.620206633638 0.167701489026 -0.433949814234 0.692124653222 0.576759068528 -0.473780135248 0.369198044408 -0.799515595501 0.002443543109 -0.006544421576 -0.001986029048  | 1.000000000000 44.665728565574 -21.797944092624 3.469142927531 -0.473780135248 0.369198044408 -0.799515595501 0.000000000000 . 6
-32.043925367377 21.692719443321 -24.621605993750 0.003204311033 0.001147543620 -0.008880529661 0.655351375711 0.220569754738 -0.722401244218 -0.721335608253 0.466437218344 -0.511968027917 0.224030164531 0.856612692317 0.464785090921 -0.002852255859 -0.000237091590 -0.001573362280  | 1.000000000000 -32.043925367377 21.692719443321 -24.621605993750 0.224030164531 0.856612692317 0.464785090921 0.000000000000 . 27
-56.262645171495 -60.394542882650 -2.411059643470 0.000048604443 -0.001291974950 -0.007685834764 -0.099627790367 -0.868141430026 -0.486214727110 -0.358085053133 -0.424625108099 0.831545917130 -0.928358442688 0.256951308704 -0.268564008843 -0.002581287503 -0.004067292712 0.001065191778  | 1.000000000000 -56.262645171495 -60.394542882650 -2.411059643470 -0.928358442688 0.256951308704 -0.268564008843 0.000000000000 . 61
-1.119730844727 -12.295039206789 -21.077007542282 0.001288989934 0.006054112467 -0.011135034074 -0.533887845421 -0.010040942558 -0.845495681825 -0.677727319560 -0.592847696233 0.434991137143 -0.505617888166 0.805252003129 0.309709158119 -0.001283022786 -0.003197507584 -0.002790244495  | 1.000000000000 -1.119730844727 -12.295039206789 -21.077007542282 -0.505617888166 0.805252003129 0.309709158119 0.000000000000 . 118
-49.334441356729 39.963572300263 39.103969597431 0.004225433321 -0.001740472077 -0.000979533671 0.887244776922 0.146566505660 -0.437395662123 -0.098049915092 0.986434966223 0.131652085294 0.450758161297 -0.073921017515 0.889580104990 -0.000679425134 0.001144217571 -0.003539562945  | 1.000000000000 -49.334441356729 39.963572300263 39.103969597431 0.450758161297 -0.073921017515 0.889580104990 0.000000000000 . 166
47.631798289200 -17.794075809706 -27.635173375995 0.001521246074 0.009527069143 0.006006444671 0.236274704410 -0.255286978481 -0.937551504011 -0.943493638582 0.170461859870 -0.284187452723 0.232366129225 0.951720186267 -0.200585814656 0.011212977743 0.000449112137 0.002526219768  | 1.000000000000 47.631798289200 -17.794075809706 -27.635173375995 0.232366129225 0.951720186267 -0.200585814656 0.000000000000 . 157
24.208364240577 42.298191992505 -55.743709471041 0.008867429491 -0.002442796144 -0.002919053043 0.439314069079 -0.701989082584 0.560548371368 0.673100358309 0.670462924985 0.312114360235 -0.594927774065 0.240189080004 0.767052898758 -0.000588546695 -0.001703338589 -0.000253192904  | 1.000000000000 24.208364240577 42.298191992505 -55.743709471041 -0.594927774065 0.240189080004 0.767052898758 0.000000000000 . 192
55.022032834753 -1.903032859225 -56.093337938041 -0.005124040534 -0.001840995161 -0.008377379711 -0.321696924259 0.352520620317 -0.878772041643 0.943751327496 0.194317264885 -0.267533609883 0.076449465478 -0.915407020303 -0.395203069838 0.004994690291 0.001148887961 -0.000480115501  | 1.000000000000 55.022032834753 -1.903032859225 -56.093337938041 0.076449465478 -0.915407020303 -0.395203069838 0.000000000000 . 72
45.113351009829 49.569131661091 41.522620996863 -0.005366122603 -0.000142207591 0.003278640663 -0.893359037807 0.399297536037 -0.206085194235 0.379087271888 0.915978896409 0.131436302545 0.241251880533 0.039295534716 -0.969666639155 0.006379919328 -0.005762256073 0.000666476546  | 1.000000000000 45.113351009829 49.569131661091 41.522620996863 0.241251880533 0.039295534716 -0.969666639155 0.000000000000 . 111
-57.775807073684 -3.216639041853 20.859036605566 0.001042293595 -0.000307767264 0.001793521643 0.251129558714 -0.874416789658 0.415125550532 -0.966394209748 -0.250829767840 0.056273074647 0.054919724188 -0.415306760756 -0.908022091342 0.006992890856 -0.000702119639 0.000354106203  | 1.000000000000 -57.775807073684 -3.216639041853 20.859036605566 0.054919724188 -0.415306760756 -0.908022091342 0.000000000000 . 135
-26.883148799638 -28.453802476932 15.205704498733 0.011371947846 0.002122022535 0.000861024471 0.029725008105 -0.925821440898 -0.376790503419 -0.990648691925 0.022930993927 -0.134496612243 0.133160028088 0.377264932230 -0.916482175402 -0.006287303927 0.003227089396 0.000198410371  | 1.000000000000 -26.883148799638 -28.453802476932 15.205704498733 0.133160028088 0.377264932230 -0.916482175402 0.000000000000 . 11
-4.193172068455 32.169428706708 -22.032419974319 0.001130972653 -0.010687288316 -0.002501964350 0.353997596663 -0.897863141797 0.261777539448 0.799880334656 0.435703106823 0.412739933779 -0.484641260921 0.063281761254 0.872420923010 -0.000087130357 -0.001318643914 -0.000323087020  | 1.000000000000 -4.193172068455 32.169428706708 -22.032419974319 -0.484641260921 0.063281761254 0.872420923010 0.000000000000 . 3
39.423565054403 63.268673339464 -33.022800123133 -0.010031255867 0.001850807671 -0.004115497050 0.466752470843 0.848380286026 -0.249785950854 0.860011573004 -0.369552165817 0.351868286491 0.206209178409 -0.379054200639 -0.902106250792 0.006577183603 -0.003256641990 0.001362026534  | 1.000000000000 39.423565054403 63.268673339464 -33.022800123133 0.206209178409 -0.379054200639 -0.902106250792 0.000000000000 . 15
57.192687312408 54.120394402136 59.663015041499 -0.002525926687 -0.001712631486 -0.009528106800 0.326095960104 0.418701225166 0.847555726102 -0.884808863687 0.450841336604 0.117708809991 -0.332828333447 -0.788309186331 0.517488093778 0.001828837353 -0.002035539654 0.002064085268  | 1.000000000000 57.192687312408 54.120394402136 59.663015041499 -0.332828333447 -0.788309186331 0.517488093778 0.000000000000 . 83
-42.983330473224 29.603473457830 -0.349990856479 0.012983466439 -0.002131076983 0.006420700527 0.962312115512 0.109102234865 0.249102578643 0.094127848004 0.725748087105 -0.681490764643 -0.255137885405 0.679254309085 0.688126618451 -0.001607185294 -0.001420048560 -0.001778030016  | 1.000000000000 -42.983330473224 29.603473457830 -0.349990856479 -0.255137885405 0.679254309085 0.688126618451 0.000000000000 . 101
51.256971157093 -33.823245489549 -47.201456847635 -0.004390281993 0.012114891940 -0.000434146576 -0.893634347939 0.204470496481 -0.399511537072 -0.418051976355 -0.703051813759 0.575283140927 -0.163248881313 0.681109362172 0.713750544316 -0.001829132964 -0.000857121367 -0.000996296949  | 1.000000000000 51.256971157093 -33.823245489549 -47.201456847635 -0.163248881313 0.681109362172 0.713750544316 0.000000000000 . 184
-3.117888489941 -27.413417742533 5.011984582678 0.003793297678 -0.001185133732 0.009555102231 0.613821320797 -0.708223249920 0.348773872886 -0.576846545480 -0.703987181862 -0.414306783364 0.538954032458 0.053121333251 -0.840658476940 0.007821015047 0.000523378391 0.002305136714  | 1.000000000000 -3.117888489941 -27.413417742533 5.011984582678 0.538954032458 0.053121333251 -0.840658476940 0.000000000000 . 64
52.539758875509 -0.362201957400 -20.688612775185 -0.001679037512 -0.011298164499 -0.000490310878 0.943523908808 0.249421792112 -0.218062842153 0.189451086694 -0.946153492900 -0.262491625814 -0.271792051500 0.206354882404 -0.939971671514 0.001324356366 -0.007336196142 -0.000965895364  | 1.000000000000 52.539758875509 -0.362201957400 -20.688612775185 -0.271792051500 0.206354882404 -0.939971671514 0.000000000000 . 45
26.510659755731 -12.986993879223 5.080744032133 -0.012101195631 0.005027730786 0.008133933804 0.148047115662 -0.840426362414 0.521311404923 -0.867249902230 -0.363683257152 -0.340017787107 0.475352141707 -0.401768612297 -0.782701937871 0.006802012249 -0.001926166041 0.002247837136  | 1.000000000000 26.510659755731 -12.986993879223 5.080744032133 0.475352141707 -0.401768612297 -0.782701937871 0.000000000000 . 75
53.413136723452 30.901190868439 13.676890390865 -0.001748547852 -0.014361714503 -0.000379425888 0.142915205117 0.923803697893 0.355192865786 0.887989329327 0.038807592552 -0.458223659103 -0.437092890754 0.380894602901 -0.814781631072 -0.004398537459 -0.004820187040 0.000047711647  | 1.000000000000 53.413136723452 30.901190868439 13.676890390865 -0.437092890754 0.380894602901 -0.814781631072 0.000000000000 . 186
59.812981050518 -34.144568667685 9.379750205259 -0.008955077070 -0.002566088195 -0.011842100555 -0.174485564614 0.894461656188 -0.411695437613 -0.971069721846 -0.225540307258 -0.078454860365 -0.163028779834 0.386095733480 0.907938159532 -0.000638938321 -0.001001960229 -0.003070623402  | 1.000000000000 59.812981050518 -34.144568667685 9.379750205259 -0.163028779834 0.386095733480 0.907938159532 0.000000000000 . 137
5.402129465399 -29.067416064191 4.940921534291 -0.001899491073 -0.003484834110 0.005010831698 0.889816242552 -0.450374708809 -0.073414413818 0.189375381965 0.218093884278 0.957377680096 -0.415167459222 -0.865793092664 0.279353363140 -0.012028682670 0.004170469843 0.001919320882  | 1.000000000000 5.402129465399 -29.067416064191 4.940921534291 -0.415167459222 -0.865793092664 0.279353363140 0.000000000000 . 122
-54.035420167794 36.364132024748 -51.070222994918 0.004473904442 -0.013468956385 -0.010654090217 0.637394226734 -0.769596598954 0.038074592641 0.585739722101 0.451831216156 -0.672872595711 0.500637171691 0.451186909146 0.738777906638 -0.000798073538 0.001770838839 0.001529097452  | 1.000000000000 -54.035420167794 36.364132024748 -51.070222994918 0.500637171691 0.451186909146 0.738777906638 0.000000000000 . 149
38.862549086485 -54.222110934712 -57.582247869522 -0.002382898426 0.004249260489 -0.001377509207 -0.776107128694 -0.543180078869 0.320332837391 -0.541236563539 0.834457464554 0.103651927810 -0.323605789626 -0.092930844022 -0.941617306102 -0.006085511187 -0.004714086207 0.001239889400  | 1.000000000000 38.862549086485 -54.222110934712 -57.582247869522 -0.323605789626 -0.092930844022 -0.941617306102 0.000000000000 . 117
-27.799517113421 21.732047215141 7.289672074861 -0.000330557331 -0.003208522015 -0.000110357871 -0.612479892260 0.427407178920 -0.664974800263 0.789732214023 0.294113033232 -0.538349843334 -0.034516832283 -0.854880475325 -0.517675536604 -0.010381836885 -0.002128951913 0.001435317840  | 1.000000000000 -27.799517113421 21.732047215141 7.289672074861 -0.034516832283 -0.854880475325 -0.517675536604 0.000000000000 . 92
-58.571317791473 -43.365543190380 53.660432001456 0.003066374729 -0.011638579495 0.003523260306 -0.284831477827 0.735098423616 0.615224623073 -0.412812380630 0.485179592366 -0.770835067670 -0.865134074949 -0.473530432759 0.165263309946 0.002692364503 -0.002517502606 -0.001362276518  | 1.000000000000 -58.571317791473 -43.365543190380 53.660432001456 -0.865134074949 -0.473530432759 0.165263309946 0.000000000000 . 115
-49.408722760156 -37.296457549706 14.747203443227 0.000425801779 0.002024482790 0.000512442083 -0.324109871862 -0.945140089630 0.040779920731 -0.941819713547 0.318313772108 -0.107944289619 0.089041665171 -0.073393143138 -0.993320204367 0.007671771912 -0.002253166396 0.000425658668  | 1.000000000000 -49.408722760156 -37.296457549706 14.747203443227 0.089041665171 -0.073393143138 -0.993320204367 0.000000000000 . 49
4.702037860918 42.372814443251 42.011056226648 0.006895028712 -0.001327204320 0.004246026961 -0.791448100105 0.574185854678 0.209572205043 -0.158825677460 0.137902161676 -0.977628456002 -0.590240890670 -0.807027631554 -0.017946946502 0.002904067059 -0.002926132919 0.000635957476  | 1.000000000000 4.702037860918 42.372814443251 42.011056226648 -0.590240890670 -0.807027631554 -0.017946946502 0.000000000000 . 151
14.193578909950 54.846611790918 28.146512983506 -0.004713505173 -0.001749483975 0.001380834239 -0.963407099736 0.028945691326 0.266474965301 0.057054140547 0.993514809002 0.098352169978 -0.261899952702 0.109956678954 -0.958810692227 -0.007757934194 -0.000114768824 0.001030820698  | 1.000000000000 14.193578909950 54.846611790918 28.146512983506 -0.261899952702 0.109956678954 -0.958810692227 0.000000000000 . 33
38.545761843854 -11.191112164098 -30.385979098331 0.022825189357 -0.000710658074 0.009046548989 0.270485711301 0.851085397541 -0.449990139974 0.361780330412 -0.523013077996 -0.771733317133 -0.892161685183 0.045945253698 -0.449373520752 -0.003815283020 -0.004056534000 0.002219904584  | 1.000000000000 38.545761843854 -11.191112164098 -30.385979098331 -0.892161685183 0.045945253698 -0.449373520752 0.000000000000 . 56
13.042732856819 20.723353291806 55.393351515646 -0.004331285953 -0.002766575083 0.004309317707 -0.987873839118 0.006100629874 -0.155138842012 0.034098806598 0.983355964862 -0.178460969850 0.151467981351 -0.181586972788 -0.971639656426 0.003693794593 0.006574236308 -0.000321714086  | 1.000000000000 13.042732856819 20.723353291806 55.393351515646 0.151467981351 -0.181586972788 -0.971639656426 0.000000000000 . 125
-35.287848751545 21.326221100351 -43.006392660260 0.003049738850 0.002016548875 0.014227997772 -0.849528104344 0.131604668553 0.510864180722 0.039202086693 0.981454451871 -0.187644225336 -0.526084780552 -0.139382101140 -0.838932317623 -0.004214808362 -0.005618138245 0.001631606904  | 1.000000000000 -35.287848751545 21.326221100351 -43.006392660260 -0.526084780552 -0.139382101140 -0.838932317623 0.000000000000 . 62
-0.905692353205 7.972616791454 56.742608066656 0.008156216916 -0.009036269127 -0.004255138014 0.499328647504 0.488856136157 0.715325506273 -0.763232988430 -0.142564171237 0.630199065733 0.410056468250 -0.860636471003 0.301924754905 0.003058551754 0.001163199538 0.000362549729  | 1.000000000000 -0.905692353205 7.972616791454 56.742608066656 0.410056468250 -0.860636471003 0.301924754905 0.000000000000 . 102
-33.576803392511 9.610366868391 -40.608066749731 0.007004890135 0.000114772606 -0.007734924380 0.940955503784 -0.331562581339 -0.068330041371 -0.338201707460 -0.929584756947 -0.146600766449 -0.014911236350 0.161054134712 -0.986832924422 -0.007701111864 0.000319234357 0.000083674356  | 1.000000000000 -33.576803392511 9.610366868391 -40.608066749731 -0.014911236350 0.161054134712 -0.986832924422 0.000000000000 . 147
-6.736422183955 -43.000446565611 -5.362966300248 0.004365956977 -0.003738637036 0.003327423787 -0.909777318650 -0.310323405786 -0.275689343812 -0.397311487090 0.843327787085 0.361858847835 0.120203214166 0.438745515478 -0.890535546709 0.008934725380 0.001958617970 0.001022629348  | 1.000000000000 -6.736422183955 -43.000446565611 -5.362966300248 0.120203214166 0.438745515478 -0.890535546709 0.000000000000 . 182
21.175377369346 -30.100226335843 32.576076502750 0.004315941879 -0.003531568418 0.007244888872 -0.685613580253 0.575833247085 0.445365120013 -0.050196927699 0.572941365235 -0.818057736625 -0.726232942672 -0.583227454391 -0.363911320823 0.000174682185 -0.005274839319 0.002162583004  | 1.000000000000 21.175377369346 -30.100226335843 32.576076502750 -0.726232942672 -0.583227454391 -0.363911320823 0.000000000000 . 22
