72.7236 72.7236 72.7236
30.229652367593 -31.949123397348 22.716558398124 -0.871254696887 0.699891957811 -0.125612331636 0.999942849105 -0.010420485490 -0.002389980417 0.010418105432 0.999945223875 -0.001006145817 0.002400334031 0.000981189247 0.999996637826 -0.772682424381 1.890069429838 -0.130575638909  | 1.000000000000 30.229652367593 -31.949123397348 22.716558398124 0.002400334031 0.000981189247 0.999996637826 4.481000000000 . 146
-12.589380048225 -28.029033640036 29.603705123009 -0.565175485314 0.568317670720 -0.494613128741 0.999929924816 -0.010886587020 -0.004650556984 0.010873084130 0.999936625783 -0.002918982425 0.004682040014 0.002868211979 0.999984925817 -2.258778742202 3.686410777653 -0.136347691671  | 1.000000000000 -12.589380048225 -28.029033640036 29.603705123009 0.004682040014 0.002868211979 0.999984925817 4.481000000000 . 321
19.631120095425 -33.100443841641 -3.421723330711 -1.624986894899 0.955983909120 1.384284996744 0.999974863462 -0.005887330956 -0.003951174249 0.005879352774 0.999980660474 -0.002027779516 0.003963036044 0.002004498198 0.999990138118 -1.578473265160 3.120834333410 -0.073730689773  | 1.000000000000 19.631120095425 -33.100443841641 -3.421723330711 0.003963036044 0.002004498198 0.999990138118 4.481000000000 . 472
-28.611076547078 -35.161708951106 -8.235125453730 -0.259809178147 0.185024857212 0.682287033304 0.999961271007 -0.008376543045 -0.002700002335 0.008359286790 0.999944959643 -0.006340347687 0.002752963921 0.006317532038 0.999976254707 -4.975394800450 2.167573090019 -0.104866840027  | 1.000000000000 -28.611076547078 -35.161708951106 -8.235125453730 0.002752963921 0.006317532038 0.999976254707 4.481000000000 . 187
-19.824803968327 35.484394644577 25.020626679461 -0.175049441047 0.483425247463 0.834812603364 0.999695610729 -0.024624694462 -0.001519970805 0.024635407309 0.999668477027 0.007485502297 0.001335138693 -0.007520668890 0.999970828047 5.918779304928 1.048710765552 -0.308719537921  | 1.000000000000 -19.824803968327 35.484394644577 25.020626679461 0.001335138693 -0.007520668890 0.999970828047 4.481000000000 . 358
-10.139988356508 -32.729103807987 23.528884654918 -0.211242345977 0.030320458285 1.620252324198 0.998960865539 -0.044815346067 -0.008293001744 0.044794634708 0.998992657448 -0.002666658323 0.008404155066 0.002292405322 0.999962056808 -1.807268828480 6.617039479673 -0.561688669481  | 1.000000000000 -10.139988356508 -32.729103807987 23.528884654918 0.008404155066 0.002292405322 0.999962056808 4.481000000000 . 436
-9.871291332235 -30.972857522615 4.431722117987 -1.439467560704 0.621590557625 -0.237144207784 0.999919600137 -0.012285349977 -0.003140611194 0.012279246280 0.999922695224 -0.001955425049 0.003164391491 0.001916703495 0.999993156414 -1.509283483642 2.491193440417 -0.153923988250  | 1.000000000000 -9.871291332235 -30.972857522615 4.431722117987 0.003164391491 0.001916703495 0.999993156414 4.481000000000 . 406
-4.914701899775 -33.440031967713 -27.318892940929 -0.143666645093 1.801678683079 -0.675930339730 0.999953524042 -0.009494010463 -0.001677355333 0.009490624263 0.999952932143 -0.002015328655 0.001696409935 0.001999315841 0.999996562459 -1.574381026006 1.335397883735 -0.118957557919  | 1.000000000000 -4.914701899775 -33.440031967713 -27.318892940929 0.001696409935 0.001999315841 0.999996562459 4.481000000000 . 462
17.947788510940 -30.805626178590 -34.543073182505 -0.530232218462 0.971786672597 -1.633104642499 0.999729847551 -0.023222723543 -0.000968001341 0.023218330453 0.999721057616 -0.004326209707 0.001068197696 0.004302565596 0.999990173393 -3.388007076921 0.840002167625 -0.291021155688  | 1.000000000000 17.947788510940 -30.805626178590 -34.543073182505 0.001068197696 0.004302565596 0.999990173393 4.481000000000 . 17
31.897686446952 15.364162535137 -35.088681560659 -1.182247564229 0.436394069678 0.670002299924 0.999569953704 -0.029302827922 -0.001118895750 0.029297201165 0.999559450975 -0.004751628257 0.001257638967 0.004716804323 0.999988084980 -3.713842169428 0.989672690553 -0.367239214269  | 1.000000000000 31.897686446952 15.364162535137 -35.088681560659 0.001257638967 0.004716804323 0.999988084980 4.481000000000 . 18
5.166274723250 3.512340994614 7.194380288890 -0.420151363648 0.694263023663 -1.201387444972 0.999821167092 -0.018824082308 -0.001813218286 0.018823115041 0.999822678720 -0.000549050730 0.001823232140 0.000514822125 0.999998205390 -0.399309008378 1.432706088631 -0.235918163004  | 1.000000000000 5.166274723250 3.512340994614 7.194380288890 0.001823232140 0.000514822125 0.999998205390 4.481000000000 . 79
26.826128939173 -33.021729259260 -3.197866489804 -1.722892299564 0.464485654123 1.043310483483 0.999963724573 -0.008516942264 -0.000105984466 0.008516787679 0.999962776108 -0.001382290433 0.000117753409 0.001381337642 0.999999039020 -1.087665098425 0.092869547385 -0.106733522514  | 1.000000000000 26.826128939173 -33.021729259260 -3.197866489804 0.000117753409 0.001381337642 0.999999039020 4.481000000000 . 22
3.169873925000 3.519629387948 7.223693360967 -0.050554288735 1.411717055434 1.685629580365 0.999872446068 -0.015940207026 -0.001000696628 0.015935726950 0.999863617611 -0.004335756576 0.001069673008 0.004319256705 0.999990099862 -3.400524041858 0.840804577328 -0.199737462055  | 1.000000000000 3.169873925000 3.519629387948 7.223693360967 0.001069673008 0.004319256705 0.999990099862 4.481000000000 . 25
-32.894187855245 29.941306531706 15.931715866051 -0.510418783238 0.369171859977 1.095733629691 0.998276969692 -0.058634531672 -0.002254656944 0.058631723853 0.998278844713 -0.001291958124 0.002326529689 0.001157537617 0.999996623677 -0.913246666139 1.832300847826 -0.735201811604  | 1.000000000000 -32.894187855245 29.941306531706 15.931715866051 0.002326529689 0.001157537617 0.999996623677 4.481000000000 . 69
-36.140450851631 11.289033133577 15.247432796540 -0.848913804175 1.162275791958 -0.759557297170 0.999909991224 -0.013137577011 -0.002722778195 0.013121772202 0.999897410742 -0.005743438416 0.002797953731 0.005707193780 0.999979799493 -4.494906389648 2.202529705183 -0.164542236308  | 1.000000000000 -36.140450851631 11.289033133577 15.247432796540 0.002797953731 0.005707193780 0.999979799493 4.481000000000 . 210
-22.956680687164 28.474705053314 36.085056487261 -0.162330183780 0.124666907671 0.090302037753 0.999890752097 -0.014762530858 -0.000742666518 0.014758973312 0.999880558547 -0.004587084698 0.000810294792 0.004575622573 0.999989203492 -3.601521875791 0.636985889478 -0.184985204885  | 1.000000000000 -22.956680687164 28.474705053314 36.085056487261 0.000810294792 0.004575622573 0.999989203492 4.481000000000 . 39
-25.684662578327 10.425528312523 1.483913379662 -1.279273238035 0.643585613981 1.113096433070 0.998943770050 -0.045948602211 -0.000265017176 0.045949045329 0.998941736825 0.002022785892 0.000171792534 -0.002032826651 0.999997919049 1.598921688591 0.136027014675 -0.576025447803  | 1.000000000000 -25.684662578327 10.425528312523 1.483913379662 0.000171792534 -0.002032826651 0.999997919049 4.481000000000 . 108
-31.120048581197 -1.022171669026 -36.321753793905 -0.284089282862 1.349616749969 0.029967611191 0.999864358391 -0.016273719042 -0.002535919446 0.016258750561 0.999850905644 -0.005815454696 0.002630180430 0.005773434996 0.999979874597 -4.545471157809 2.066985469390 -0.203839004114  | 1.000000000000 -31.120048581197 -1.022171669026 -36.321753793905 0.002630180430 0.005773434996 0.999979874597 4.481000000000 . 260
34.680087990950 -29.753341086643 20.138927218693 -0.468423915509 1.077112521932 0.822349300240 0.999832030864 -0.018167583118 -0.002418466813 0.018155696840 0.999823412230 -0.004849229683 0.002506138524 0.004804506212 0.999985317887 -3.783498448893 1.972365407270 -0.227610310231  | 1.000000000000 34.680087990950 -29.753341086643 20.138927218693 0.002506138524 0.004804506212 0.999985317887 4.481000000000 . 214
-20.212868531955 26.339554954946 5.094818816206 -1.042312992301 0.838255642332 -1.294730984856 0.999378310688 -0.034285383137 -0.008216120153 0.034305294115 0.999408765540 0.002294810994 0.008132584026 -0.002575240753 0.999963613944 2.022728414931 6.401392368232 -0.429855874753  | 1.000000000000 -20.212868531955 26.339554954946 5.094818816206 0.008132584026 -0.002575240753 0.999963613944 4.481000000000 . 188
-23.841544693993 -27.483429814012 22.150896026410 -1.527762602777 1.070723494694 0.075890169018 0.997334246595 -0.072899824234 -0.003164837281 0.072909050927 0.997334363048 0.002904922858 0.002944632608 -0.003127924332 0.999990772572 2.462169775853 2.319437698748 -0.914444802850  | 1.000000000000 -23.841544693993 -27.483429814012 22.150896026410 0.002944632608 -0.003127924332 0.999990772572 4.481000000000 . 201
11.624323172004 -33.879862740460 12.405926608393 -0.356436177408 -1.307504964032 0.713855264881 0.999983541437 -0.001583475666 -0.005514477293 0.001583002552 0.999998742986 -0.000090158652 0.005514613126 0.000081427737 0.999984791090 -0.064383702550 4.341878222083 -0.019839838730  | 1.000000000000 11.624323172004 -33.879862740460 12.405926608393 0.005514613126 0.000081427737 0.999984791090 4.481000000000 . 434
-8.538026270531 -12.180096454159 -6.631321038563 -0.540611598344 -0.159008161257 0.915977931102 0.999962362567 -0.008655333884 -0.000598869547 0.008654794932 0.999962144454 -0.000896763106 0.000606608660 0.000891546261 0.999999418585 -0.702860566735 0.478084420524 -0.108465084653  | 1.000000000000 -8.538026270531 -12.180096454159 -6.631321038563 0.000606608660 0.000891546261 0.999999418585 4.481000000000 . 264
21.350981644092 22.305055268381 20.087108254375 -0.375558862608 -1.404358047212 -0.673741198200 0.999989095130 -0.004329880940 -0.001749786238 0.004325347812 0.999987301366 -0.002586208371 0.001760961993 0.002578611735 0.999995124875 -2.031038041247 1.386116923238 -0.054231158322  | 1.000000000000 21.350981644092 22.305055268381 20.087108254375 0.001760961993 0.002578611735 0.999995124875 4.481000000000 . 123
-21.119020160583 19.743592362035 33.610991797554 -0.458856538302 2.043863672396 -1.431638593926 0.999541281501 -0.030271195283 -0.000938781804 0.030265036851 0.999523917732 -0.005997118152 0.001119874801 0.005965954897 0.999981576462 -4.698080514762 0.880545937677 -0.379375216412  | 1.000000000000 -21.119020160583 19.743592362035 33.610991797554 0.001119874801 0.005965954897 0.999981576462 4.481000000000 . 95
-4.353469111607 20.049092388988 -18.050637836575 -0.832242816433 0.378261529468 0.534318514346 0.999295824094 -0.037411316980 -0.002872161151 0.037413063393 0.999299731182 0.000556728489 0.002849321920 -0.000663792802 0.999995720363 0.526425153310 2.249024610144 -0.468962554704  | 1.000000000000 -4.353469111607 20.049092388988 -18.050637836575 0.002849321920 -0.000663792802 0.999995720363 4.481000000000 . 197
-26.670155077615 -7.246690618962 -34.064173691965 -0.419620621512 1.629337938485 0.559166165015 0.999835921508 -0.018109333523 -0.000426733588 0.018110001873 0.999834691028 0.001618162481 0.000397359201 -0.001625625121 0.999998599723 1.280425308245 0.313442484130 -0.226959340420  | 1.000000000000 -26.670155077615 -7.246690618962 -34.064173691965 0.000397359201 -0.001625625121 0.999998599723 4.481000000000 . 181
9.071571666028 25.175517015820 -21.561968488081 -0.150408984762 -0.816105840491 1.177355224366 0.998992567700 -0.044202895556 -0.007742977725 0.044207187176 0.999022310671 0.000383905393 0.007718437768 -0.000725813900 0.999969949005 0.569663987211 6.077448950439 -0.554161225369  | 1.000000000000 9.071571666028 25.175517015820 -21.561968488081 0.007718437768 -0.000725813900 0.999969949005 4.481000000000 . 367
20.805758909450 9.817412955710 -5.217644408977 -0.530145462030 -0.606698046927 0.281385621877 0.998067787835 -0.062132870037 -0.000444236633 0.062134091818 0.998060944523 0.003702114625 0.000213352227 -0.003722563594 0.999993048476 2.931588054248 0.169635175084 -0.779149956365  | 1.000000000000 20.805758909450 9.817412955710 -5.217644408977 0.000213352227 -0.003722563594 0.999993048476 4.481000000000 . 319
-3.064207673967 -8.274150340387 0.464186410076 -0.578828790114 0.308716981241 0.151054051560 0.999220602075 -0.039411214369 -0.002223639007 0.039420706823 0.999213014073 0.004400043372 0.002048477982 -0.004484271409 0.999987847450 3.528048920322 1.606977957707 -0.494111883135  | 1.000000000000 -3.064207673967 -8.274150340387 0.464186410076 0.002048477982 -0.004484271409 0.999987847450 4.481000000000 . 8
16.736483238626 24.385156697440 -33.141008039961 -0.524218771356 0.006028989790 1.316959004466 0.998463998205 -0.055403440523 -0.000321039953 0.055403390467 0.998464039327 -0.000162773991 0.000329565087 0.000144737268 0.999999935219 -0.114282671661 0.259258827119 -0.694661592810  | 1.000000000000 16.736483238626 24.385156697440 -33.141008039961 0.000329565087 0.000144737268 0.999999935219 4.481000000000 . 5
15.692514840068 -14.016839944093 3.108971757322 -1.781156589759 0.882480972538 0.696858196515 0.999612603197 -0.027826948857 -0.000551767098 0.027825262846 0.999608715565 -0.002858411015 0.000631092057 0.002841950612 0.999995762511 -2.238283761561 0.496522103231 -0.348757679578  | 1.000000000000 15.692514840068 -14.016839944093 3.108971757322 0.000631092057 0.002841950612 0.999995762511 4.481000000000 . 476
24.035916894484 4.610188712569 -7.396404920288 -0.284110347930 0.574424760806 -0.219956899386 0.999412141967 -0.034130904619 -0.003232930479 0.034128158738 0.999417058799 -0.000900756291 0.003261789498 0.000789892809 0.999994368383 -0.622792123263 2.569430206264 -0.427790199970  | 1.000000000000 24.035916894484 4.610188712569 -7.396404920288 0.003261789498 0.000789892809 0.999994368383 4.481000000000 . 362
-10.515836823788 -0.428409657244 -0.414312747440 -1.132919894844 0.747082154007 -0.559755496438 0.999138412539 -0.041456026088 -0.001957163908 0.041454295615 0.999139980766 -0.000916629559 0.001993480529 0.000834706951 0.999997664647 -0.648956923939 1.584313898592 -0.519688277387  | 1.000000000000 -10.515836823788 -0.428409657244 -0.414312747440 0.001993480529 0.000834706951 0.999997664647 4.481000000000 . 284
16.486945756312 -20.736261222563 26.100643093967 -0.735386059078 -0.830462533704 1.400965023726 0.999943660737 -0.010568562277 -0.000990375766 0.010572061316 0.999937644453 0.003597043995 0.000952298427 -0.003607311653 0.999993040191 2.842634461096 0.748779457924 -0.132475094813  | 1.000000000000 16.486945756312 -20.736261222563 26.100643093967 0.000952298427 -0.003607311653 0.999993040191 4.481000000000 . 234
5.974262199779 -20.039268349603 -11.958660063549 -0.691328155101 1.967567806818 0.909157528056 0.999998449028 -0.001400585675 -0.001067848872 0.001400153155 0.999998937498 -0.000405677801 0.001068415923 0.000404182020 0.999999347562 -0.318470498761 0.843347366782 -0.017549814225  | 1.000000000000 5.974262199779 -20.039268349603 -11.958660063549 0.001068415923 0.000404182020 0.999999347562 4.481000000000 . 166
-16.043079867863 -10.412173799821 -20.795145776477 -0.507584341166 0.985378675004 -0.926243243272 0.999740766336 -0.022688532569 -0.001905417585 0.022680588487 0.999734387255 -0.004092168918 0.001997756790 0.004047892098 0.999989811717 -3.187230177087 1.569595607281 -0.284293965222  | 1.000000000000 -16.043079867863 -10.412173799821 -20.795145776477 0.001997756790 0.004047892098 0.999989811717 4.481000000000 . 13
0.776533358607 -24.933442217916 11.801248761406 -0.567412386554 -0.247875994780 -1.400089278142 0.999948415514 -0.009445991701 -0.003733571055 0.009443298436 0.999955138481 -0.000738336159 0.003740377878 0.000703040846 0.999992757627 -0.552500409126 2.945104148939 -0.118365649170  | 1.000000000000 0.776533358607 -24.933442217916 11.801248761406 0.003740377878 0.000703040846 0.999992757627 4.481000000000 . 278
-32.767826222269 -29.857729084527 -14.446419762855 -0.049381046159 -0.226428608238 -1.536509884749 0.999925590893 -0.011076657031 -0.005110806908 0.011023456263 0.999885955221 -0.010322788586 0.005224566036 0.010265681720 0.999933657644 -8.083352389164 4.113121348679 -0.138485947373  | 1.000000000000 -32.767826222269 -29.857729084527 -14.446419762855 0.005224566036 0.010265681720 0.999933657644 4.481000000000 . 137
27.001824514950 -27.511873547177 -17.341526513555 -0.754686383921 -0.443301355644 0.730823180749 0.999965637268 -0.008203016886 -0.001197830400 0.008206390916 0.999962295271 0.002839574774 0.001174492156 -0.002849307063 0.999995250997 2.243513977077 0.924179247242 -0.102823521229  | 1.000000000000 27.001824514950 -27.511873547177 -17.341526513555 0.001174492156 -0.002849307063 0.999995250997 4.481000000000 . 83
24.941830346139 21.316773526650 13.728964155296 -1.836405577053 0.621774658078 1.401651733411 0.999663027364 -0.025954150644 -0.000462369041 0.025955937887 0.999653379681 0.004405653239 0.000347863787 -0.004416169876 0.999990188169 3.476634332525 0.274056977313 -0.325304520601  | 1.000000000000 24.941830346139 21.316773526650 13.728964155296 0.000347863787 -0.004416169876 0.999990188169 4.481000000000 . 94
-8.868207004469 3.460059885675 3.913360413156 1.723520699434 0.837931135644 -1.336847287277 0.999995320932 -0.002646077662 -0.001535052998 0.002651969715 0.999989075738 0.003849085865 0.001524851248 -0.003853138769 0.999991414038 3.033322413659 1.202868671283 -0.033188124101  | 1.000000000000 -8.868207004469 3.460059885675 3.913360413156 0.001524851248 -0.003853138769 0.999991414038 4.481000000000 . 440
31.742656754679 24.032044158166 -0.901431300212 1.613712139314 -1.420720701045 -1.529835010373 0.999966276335 -0.008093724711 -0.001392053408 0.008097915241 0.999962616181 0.003031502680 0.001367465219 -0.003042673177 0.999994436074 2.395893337688 1.076937091324 -0.101456895246  | 1.000000000000 31.742656754679 24.032044158166 -0.901431300212 0.001367465219 -0.003042673177 0.999994436074 4.481000000000 . 310
15.631385772043 -24.608324544364 -32.000376503360 1.350250109881 0.297064613093 0.772707031174 0.999586474685 -0.028490835148 -0.003892549259 0.028529567151 0.999540023473 0.010286169051 0.003597697231 -0.010392968205 0.999939519564 8.182082434964 2.835411694275 -0.357334006071  | 1.000000000000 15.631385772043 -24.608324544364 -32.000376503360 0.003597697231 -0.010392968205 0.999939519564 4.481000000000 . 346
-28.717720939768 0.003104614349 -0.007025837346 0.121651059995 0.283905947448 -0.692864935007 0.999970829376 -0.006761833318 -0.003552183350 0.006747938728 0.999969591694 -0.003909093335 0.003578507972 0.003885009389 0.999986050394 -3.058558471335 2.816897063533 -0.084652066284  | 1.000000000000 -28.717720939768 0.003104614349 -0.007025837346 0.003578507972 0.003885009389 0.999986050394 4.481000000000 . 463
8.581125018812 -0.713995303489 14.021704416905 0.857406956836 0.198572027191 -1.546093039784 0.999981358073 -0.000853178565 -0.006046122068 0.000818607299 0.999983316504 -0.005718093695 0.006050899752 0.005713037700 0.999965373307 -4.498050223710 4.765000454845 -0.010481170598  | 1.000000000000 8.581125018812 -0.713995303489 14.021704416905 0.006050899752 0.005713037700 0.999965373307 4.481000000000 . 127
-30.690422270903 13.804938939362 -23.068035252311 0.672642879813 0.709496912857 -1.101903399694 0.999975283866 -0.006693188774 -0.002152412636 0.006692909304 0.999977592845 -0.000137017526 0.002153281491 0.000122608237 0.999997674170 -0.096433265815 1.695509642408 -0.083877279904  | 1.000000000000 -30.690422270903 13.804938939362 -23.068035252311 0.002153281491 0.000122608237 0.999997674170 4.481000000000 . 382
19.693496664307 6.167905407462 32.216527313711 -1.850849855212 -0.366599627670 -0.831052633536 0.999926950442 -0.011801740498 -0.002610115264 0.011794250699 0.999926336579 -0.002866542668 0.002643753187 0.002835548914 0.999992485087 -2.232559537687 2.079477183420 -0.147849659541  | 1.000000000000 19.693496664307 6.167905407462 32.216527313711 0.002643753187 0.002835548914 0.999992485087 4.481000000000 . 360
26.593437455227 33.287139293048 5.802811597958 1.152011621708 1.291574666532 1.257681117984 0.999593208206 -0.028478560349 -0.001545868633 0.028484886976 0.999585240444 0.004237723587 0.001424543203 -0.004280033609 0.999989825943 3.370842567735 1.123301986228 -0.356975870212  | 1.000000000000 26.593437455227 33.287139293048 5.802811597958 0.001424543203 -0.004280033609 0.999989825943 4.481000000000 . 361
32.819007158462 -0.507511237609 -1.542944938997 0.398132109150 0.956692000424 -0.346452924261 0.999260590070 -0.038448310862 -0.000022891433 0.038447749372 0.999248880008 -0.004842145384 0.000209046549 0.004837684930 0.999988276483 -3.688671636238 0.207551292237 -0.482183692818  | 1.000000000000 32.819007158462 -0.507511237609 -1.542944938997 0.000209046549 0.004837684930 0.999988276483 4.481000000000 . 37
-7.547811598188 24.400118668329 -11.257952823341 0.667350601272 1.953993199050 -1.968531672518 0.999987378148 -0.004260373417 -0.002663224336 0.004261282718 0.999990864296 0.000335847564 0.002661769170 -0.000347192077 0.999996397215 0.273575784195 2.096089946413 -0.053396854434  | 1.000000000000 -7.547811598188 24.400118668329 -11.257952823341 0.002661769170 -0.000347192077 0.999996397215 4.481000000000 . 237
15.540416408239 -6.819167328745 30.652409919221 0.245088557899 -1.007432657804 -0.123893555349 0.999912178580 -0.013124276727 -0.001840784804 0.013126625694 0.999913035815 0.001269844730 0.001823958928 -0.001293896504 0.999997499500 1.017391732562 1.439376985175 -0.164484504875  | 1.000000000000 15.540416408239 -6.819167328745 30.652409919221 0.001823958928 -0.001293896504 0.999997499500 4.481000000000 . 89
-16.360800465805 -6.793366543368 10.322336188557 0.188791924301 -0.521508387465 -0.959238691279 0.999356091091 -0.035477278686 -0.005363384743 0.035481885968 0.999370025845 0.000766297338 0.005332819805 -0.000956106918 0.999985323339 0.753562493584 4.202153451641 -0.444727954233  | 1.000000000000 -16.360800465805 -6.793366543368 10.322336188557 0.005332819805 -0.000956106918 0.999985323339 4.481000000000 . 66
-19.215352907490 -13.246272827405 27.595433206016 1.585593228287 -0.983055168644 -1.201560313192 0.999233131941 -0.039033804944 -0.003083845444 0.039055459026 0.999210343437 0.007304840061 0.002796274563 -0.007419679212 0.999968564110 5.838856332183 2.203513241049 -0.489425691991  | 1.000000000000 -19.215352907490 -13.246272827405 27.595433206016 0.002796274563 -0.007419679212 0.999968564110 4.481000000000 . 320
23.618465730877 -20.340658529687 35.367611405806 1.103934434739 -0.887285223453 1.141354255970 0.999041936912 -0.043679705297 -0.002700303153 0.043663184808 0.999028880948 -0.005900959669 0.002955433017 0.005777402342 0.999978943297 -4.549960324761 2.324554602149 -0.547457134152  | 1.000000000000 23.618465730877 -20.340658529687 35.367611405806 0.002955433017 0.005777402342 0.999978943297 4.481000000000 . 377
-8.457765569477 20.473891862641 -24.775207333968 0.267449828270 -0.172503244035 -1.395056474721 0.999982636890 -0.002235464312 -0.005452395613 0.002228701147 0.999996739979 -0.001246163153 0.005455163592 0.001233989755 0.999984359107 -0.972453394344 4.295965857304 -0.027969045312  | 1.000000000000 -8.457765569477 20.473891862641 -24.775207333968 0.005455163592 0.001233989755 0.999984359107 4.481000000000 . 104
33.998654106449 -36.291181300001 -26.815405842664 0.710970763763 -0.034478444627 -0.612114030235 0.999863208825 -0.016365802180 -0.002392521245 0.016350700247 0.999847089319 -0.006201014588 0.002493639981 0.006161046946 0.999977911386 -4.851088971661 1.963166947396 -0.205012972191  | 1.000000000000 33.998654106449 -36.291181300001 -26.815405842664 0.002493639981 0.006161046946 0.999977911386 4.481000000000 . 208
-10.856868182874 4.630902685433 -1.661421075813 -0.818038065571 0.607364438797 -0.557206477734 0.999522358633 -0.030902570306 0.000292815359 0.030902931081 0.999521518538 -0.001320162699 -0.000251878832 0.001328580987 0.999999085714 -0.426938459183 -0.567598092803 -0.386685155921  | 1.000000000000 -10.856868182874 4.630902685433 -1.661421075813 -0.000251878832 0.001328580987 0.999999085714 4.481000000000 . 49
-22.899537305500 16.555007704271 27.922566403094 0.565748187982 -0.181996695802 -0.539970211275 0.999994887844 -0.001233019923 -0.002950245409 0.001225971354 0.999996393006 -0.002389763432 0.002953181394 0.002386134299 0.999992792515 -1.879454828200 2.325731219347 -0.015407133791  | 1.000000000000 -22.899537305500 16.555007704271 27.922566403094 0.002953181394 0.002386134299 0.999992792515 4.481000000000 . 465
23.132854273634 -15.083271600424 1.173562440850 0.100688094495 -0.001043938338 -0.983440332427 0.999993578143 -0.001739510196 -0.003133333228 0.001750006963 0.999992856084 0.003350411443 0.003127482769 -0.003355873282 0.999989478428 2.641441167524 2.462030832586 -0.021864167623  | 1.000000000000 23.132854273634 -15.083271600424 1.173562440850 0.003127482769 -0.003355873282 0.999989478428 4.481000000000 . 213
21.219107159984 -5.616450322482 18.438769172403 1.570503515711 -0.942360813322 -1.261546454299 0.999827914052 -0.018080112338 -0.004153531065 0.018083556408 0.999836164542 0.000793134183 0.004138510614 -0.000868108309 0.999991059519 0.684103337353 3.258953212831 -0.226615822783  | 1.000000000000 21.219107159984 -5.616450322482 18.438769172403 0.004138510614 -0.000868108309 0.999991059519 4.481000000000 . 14
-14.841796389707 4.627442161253 -1.669004694125 0.476974005031 -0.151916777279 -1.306655469675 0.999976859638 -0.006342642933 -0.002459891921 0.006348792194 0.999976720874 0.002500109424 0.002443977356 -0.002515668913 0.999993849173 1.981773321683 1.925084546247 -0.079525226978  | 1.000000000000 -14.841796389707 4.627442161253 -1.669004694125 0.002443977356 -0.002515668913 0.999993849173 4.481000000000 . 274
-18.706374461673 4.684075549072 -14.942446652594 0.006523417110 -0.192399229401 -1.074302222826 0.999948852900 -0.009667753586 -0.002970879466 0.009678334882 0.999946797556 0.003568177633 0.002936225146 -0.003596748298 0.999989220934 2.853150629701 2.306685061585 -0.121305466159  | 1.000000000000 -18.706374461673 4.684075549072 -14.942446652594 0.002936225146 -0.003596748298 0.999989220934 4.481000000000 . 88
-8.837633282163 29.323916987526 24.444625790076 0.189009653982 -0.889236861612 -1.636268507925 0.999942123832 -0.009259543750 -0.005478123381 0.009245123798 0.999953746823 -0.002651773215 0.005502424211 0.002600973811 0.999981478960 -2.050043775816 4.332325091423 -0.115941588072  | 1.000000000000 -8.837633282163 29.323916987526 24.444625790076 0.005502424211 0.002600973811 0.999981478960 4.481000000000 . 81
-28.323233262280 -33.163907335928 31.184278682271 0.620050442044 0.258555098146 -0.144764585038 0.999957140500 -0.006379572113 0.006709562035 0.006433521343 0.999946901929 -0.008050038886 -0.006657849967 0.008092859976 0.999945087818 -6.370633818886 -5.242781348395 -0.080278535384  | 1.000000000000 -28.323233262280 -33.163907335928 31.184278682271 -0.006657849967 0.008092859976 0.999945087818 4.481000000000 . 129
-11.971244488119 -22.020052468294 -18.110508661676 0.222474148987 1.401491173645 -0.882272429316 0.999990491555 -0.004350958928 -0.000293181190 0.004350003040 0.999985464102 -0.003185758566 0.000307038033 0.003184452936 0.999994882480 -2.508259680749 0.241388385342 -0.054518623149  | 1.000000000000 -11.971244488119 -22.020052468294 -18.110508661676 0.000307038033 0.003184452936 0.999994882480 4.481000000000 . 96
32.976636741503 19.476590391130 -9.728468054332 1.311882586254 0.374414154037 0.418668335422 0.999712763202 -0.023822159394 -0.002625987810 0.023825928116 0.999715123230 0.001413341640 0.002591570878 -0.001475502273 0.999995553317 1.151419116981 2.046991951809 -0.298552748952  | 1.000000000000 32.976636741503 19.476590391130 -9.728468054332 0.002591570878 -0.001475502273 0.999995553317 4.481000000000 . 219
35.291403762547 29.553914703825 -34.010888029727 -0.753309443040 0.270519415682 1.231646634583 0.999830763271 0.017876035196 -0.004346513780 -0.017860783659 0.999834277511 0.003522771868 0.004408766659 -0.003444543543 0.999984348826 2.712397982053 3.470909599877 0.223938333989  | 1.000000000000 35.291403762547 29.553914703825 -34.010888029727 0.004408766659 -0.003444543543 0.999984348826 4.481000000000 . 389
19.340097605022 1.831189064577 28.065945756704 -0.788843751006 -0.020371111385 -0.482705726163 0.999820925095 -0.018616274842 0.003398831086 0.018629637069 0.999818678164 -0.003943021270 -0.003324810436 0.004005634163 0.999986450173 -3.154099040542 -2.617692741316 -0.233399124827  | 1.000000000000 19.340097605022 1.831189064577 28.065945756704 -0.003324810436 0.004005634163 0.999986450173 4.481000000000 . 120
28.766039452344 -27.450181267308 -3.636276164282 -0.154898966391 -0.043510901572 -0.262802461501 0.998266817948 -0.058814977962 0.002039252834 0.058820455462 0.998264820567 -0.002738984727 -0.001874621038 0.002854187349 0.999994169688 -2.247631089644 -1.477986444193 -0.737520513203  | 1.000000000000 28.766039452344 -27.450181267308 -3.636276164282 -0.001874621038 0.002854187349 0.999994169688 4.481000000000 . 355
-33.195591776944 1.819684239735 6.589447496675 -1.671859037104 -0.312748675597 -0.129678733986 0.999231561245 -0.039157030543 0.001736079418 0.039171728501 0.999187848243 -0.009445613253 -0.001364807291 0.009506360109 0.999953882146 -7.482325915285 -1.077633380302 -0.490928246211  | 1.000000000000 -33.195591776944 1.819684239735 6.589447496675 -0.001364807291 0.009506360109 0.999953882146 4.481000000000 . 155
-31.711633900222 -9.429873051266 1.412058118492 0.166150994354 1.570093802860 -0.368246728287 0.999959077796 -0.009046015567 0.000111067453 0.009045806975 0.999957548524 0.001753432803 -0.000126924318 -0.001752356354 0.999998456568 1.380416308205 -0.100096700514 -0.113363791509  | 1.000000000000 -31.711633900222 -9.429873051266 1.412058118492 -0.000126924318 -0.001752356354 0.999998456568 4.481000000000 . 53
-25.944023022155 12.366625205161 12.990957226218 1.474764560432 -0.271946227027 -0.604866843302 0.999988490156 -0.003354518504 0.003430271198 0.003352757831 0.999994244864 0.000518896900 -0.003431992105 -0.000507390059 0.999993981975 0.399014474979 -2.702803862582 -0.042029623538  | 1.000000000000 -25.944023022155 12.366625205161 12.990957226218 -0.003431992105 -0.000507390059 0.999993981975 4.481000000000 . 467
2.241687913804 30.095584401729 17.947520149031 0.371093949176 -0.251637131607 -1.401102320123 0.998451783894 -0.054542868599 -0.010913785948 0.054559462475 0.998509767751 0.001228316114 0.010830525988 -0.001821864710 0.999939688439 1.431093312970 8.528391475174 -0.683988939482  | 1.000000000000 2.241687913804 30.095584401729 17.947520149031 0.010830525988 -0.001821864710 0.999939688439 4.481000000000 . 124
-7.224337409825 20.032717817717 14.237639956070 -1.910454131942 -0.313647369971 -0.945239977632 0.999965782566 -0.008270474179 0.000181532065 0.008270071738 0.999963564062 0.002115764923 -0.000199023830 -0.002114191244 0.999997745290 1.663158510016 -0.154975122936 -0.103639801761  | 1.000000000000 -7.224337409825 20.032717817717 14.237639956070 -0.000199023830 -0.002114191244 0.999997745290 4.481000000000 . 225
3.841911900408 -3.558007904602 31.453114517246 0.645236494854 -1.780959207263 0.063621515698 0.999974209237 -0.007075655281 0.001231244164 0.007074530600 0.999974556187 0.000915421422 -0.001237690043 -0.000906687338 0.999998823020 0.713751684222 -0.974478183807 -0.088664873970  | 1.000000000000 3.841911900408 -3.558007904602 31.453114517246 -0.001237690043 -0.000906687338 0.999998823020 4.481000000000 . 27
1.758184809955 -20.102067451738 30.147767871262 0.564624124374 0.191150448306 1.409732758468 0.999869005266 -0.016141373278 0.001195147087 0.016136219677 0.999860968922 0.004203003892 -0.001262823179 -0.004183168165 0.999990453145 3.286180667894 -0.990940373864 -0.202255676508  | 1.000000000000 1.758184809955 -20.102067451738 30.147767871262 -0.001262823179 -0.004183168165 0.999990453145 4.481000000000 . 119
-8.517338937325 -12.307822543572 9.068368323899 0.246518569910 1.660646544493 0.071683723808 0.999977201042 0.006378396769 0.002216630433 -0.006378604001 0.999979652763 0.000086432835 -0.002216034028 -0.000100569872 0.999997539536 0.079756511117 -1.746317843794 0.079936207398  | 1.000000000000 -8.517338937325 -12.307822543572 9.068368323899 -0.002216034028 -0.000100569872 0.999997539536 4.481000000000 . 411
-34.896120065782 -0.923202220985 8.552228563180 1.779031655276 -0.737993694640 1.197945304686 0.999921955886 -0.012492165618 0.000167136546 0.012491695037 0.999918673107 0.002569966246 -0.000199227397 -0.002567677856 0.999996683664 2.024824415434 -0.157369812839 -0.156552220002  | 1.000000000000 -34.896120065782 -0.923202220985 8.552228563180 -0.000199227397 -0.002567677856 0.999996683664 4.481000000000 . 414
-16.123398456385 5.415493978898 4.659124140569 -0.257227901502 -2.111719069921 0.047131040888 0.999734149938 0.022886999779 0.002795476425 -0.022894035935 0.999734742670 0.002511457340 -0.002737255181 -0.002574789407 0.999992938922 2.029745767724 -2.153550773554 0.286899039835  | 1.000000000000 -16.123398456385 5.415493978898 4.659124140569 -0.002737255181 -0.002574789407 0.999992938922 4.481000000000 . 246
2.035256653982 9.097157354570 26.377399592264 -1.316489690373 -0.377614718654 1.740591320949 0.999945130336 -0.010008483664 0.003092987442 0.009996014148 0.999941953768 0.004021044218 -0.003133052462 -0.003989906038 0.999987132233 3.141198812718 -2.466346421966 -0.125349898383  | 1.000000000000 2.035256653982 9.097157354570 26.377399592264 -0.003133052462 -0.003989906038 0.999987132233 4.481000000000 . 433
-7.573466731420 -9.581639793251 19.166298631717 -0.279288342107 -0.512256237064 -0.736541934123 0.999788222194 0.019638386275 0.006151792182 -0.019691223012 0.999768695465 0.008649352826 -0.005980509913 -0.008768657397 0.999943670488 6.903910159001 -4.710337513627 0.246458156350  | 1.000000000000 -7.573466731420 -9.581639793251 19.166298631717 -0.005980509913 -0.008768657397 0.999943670488 4.481000000000 . 394
16.142251117424 34.758063129732 8.739330034956 -0.656968678551 -1.979396622411 -1.563058259667 0.999725210088 0.023290731746 -0.002654454550 -0.023278685989 0.999718968075 0.004481924856 0.002758095873 -0.004418901054 0.999986433018 3.480980992724 2.169200416898 0.291816860242  | 1.000000000000 16.142251117424 34.758063129732 8.739330034956 0.002758095873 -0.004418901054 0.999986433018 4.481000000000 . 215
-27.495080491371 -33.037009474344 -8.109765119421 -0.342171201731 -0.608969237764 -0.199736979831 0.999872906214 -0.015394166244 0.004146210964 0.015384561826 0.999878916119 0.002338452037 -0.004181707444 -0.002274367195 0.999988670224 1.790061223972 -3.291994086895 -0.192869401311  | 1.000000000000 -27.495080491371 -33.037009474344 -8.109765119421 -0.004181707444 -0.002274367195 0.999988670224 4.481000000000 . 393
3.702798552920 -6.546044792083 23.797343913973 -0.048879496912 0.472001943996 -0.015977846220 0.999991448406 -0.002548305090 0.003257185283 0.002550361095 0.999996551118 -0.000627223845 -0.003255575692 0.000635525480 0.999994498652 -0.499983625145 -2.562649180805 -0.031947204569  | 1.000000000000 3.702798552920 -6.546044792083 23.797343913973 -0.003255575692 0.000635525480 0.999994498652 4.481000000000 . 105
1.665450691433 2.621925006334 7.201340804366 -0.509376503959 -1.733081594605 -0.520626274257 0.999846494441 -0.017234143724 0.003157822804 0.017253683728 0.999831492492 -0.006268733512 -0.003049254432 0.006322255302 0.999975365264 -4.978670024425 -2.401428296360 -0.216115192844  | 1.000000000000 1.665450691433 2.621925006334 7.201340804366 -0.003049254432 0.006322255302 0.999975365264 4.481000000000 . 378
-31.939959638959 2.264191458992 -12.195685585266 0.062821086098 -0.297376760000 0.075507991008 0.999979097631 -0.002406253963 -0.006001186835 0.002426455790 0.999991406952 0.003361299395 0.005993047127 -0.003375790751 0.999976343432 2.657674032089 4.719043295039 -0.030279510278  | 1.000000000000 -31.939959638959 2.264191458992 -12.195685585266 0.005993047127 -0.003375790751 0.999976343432 4.481000000000 . 86
32.992112715316 23.565068265928 31.370006534331 1.011279224566 -0.193668224847 0.624103717275 0.999972410167 0.006962459984 0.002589026193 -0.006963660593 0.999975649904 0.000455004957 -0.002585795196 -0.000473021503 0.999996544951 0.372860701095 -2.037602337981 0.087261327838  | 1.000000000000 32.992112715316 23.565068265928 31.370006534331 -0.002585795196 -0.000473021503 0.999996544951 4.481000000000 . 112
21.556726902118 -11.511244475729 9.306554694815 0.692894946505 -0.257579198932 0.203058923660 0.999927793941 0.003024982167 0.011629977964 -0.003044828325 0.999993937898 0.001689138289 -0.011624797849 -0.001724427610 0.999930942828 1.357450802355 -9.153146537071 0.038033052084  | 1.000000000000 21.556726902118 -11.511244475729 9.306554694815 -0.011624797849 -0.001724427610 0.999930942828 4.481000000000 . 43
-6.886343249342 4.167962886816 -0.532707122513 -3.368649099463 -0.231778100395 1.046806024347 0.999623259456 0.027446989944 0.000043557281 -0.027446515486 0.999613127116 -0.004503874369 -0.000167158225 0.004500982081 0.999989856558 -3.265790737592 -0.167296676693 0.344212960102  | 1.000000000000 -6.886343249342 4.167962886816 -0.532707122513 -0.000167158225 0.004500982081 0.999989856558 4.481000000000 . 254
22.878284579635 -22.398612508442 12.851085306667 0.636678665134 -0.406290717944 0.633500444629 0.999906222794 0.012376562747 0.005862278802 -0.012368244017 0.999922454423 -0.001453162138 -0.005879809360 0.001380519770 0.999981760837 -1.087438233530 -4.629502329207 0.155054189384  | 1.000000000000 22.878284579635 -22.398612508442 12.851085306667 -0.005879809360 0.001380519770 0.999981760837 4.481000000000 . 460
16.759671218077 14.337433015642 -12.842484431003 0.449232495473 -0.296572492085 2.091742286079 0.999824384204 -0.018508487571 -0.002938816063 0.018495709382 0.999819618574 -0.004317296504 0.003018192584 0.004262182831 0.999986362063 -3.356933430338 2.375066877091 -0.231874161219  | 1.000000000000 16.759671218077 14.337433015642 -12.842484431003 0.003018192584 0.004262182831 0.999986362063 4.481000000000 . 116
12.084877952077 17.241678058716 -8.274011934591 1.198941895948 1.327986208901 0.625783163174 0.999029701821 0.043840981250 0.004198004527 -0.043855531896 0.999031963912 0.003439099455 -0.004043167213 -0.003619868224 0.999985274568 2.849573651356 -3.184346452010 0.549681470721  | 1.000000000000 12.084877952077 17.241678058716 -8.274011934591 -0.004043167213 -0.003619868224 0.999985274568 4.481000000000 . 247
33.745117353447 20.680262580637 2.889624678569 1.029714572904 -0.016468040516 -1.136474147721 0.999030295149 0.043991668857 0.001789537896 -0.043987266694 0.999029138570 -0.002429126850 -0.001894661847 0.002348054434 0.999995448438 -1.848635566668 -1.492210632622 0.551451311480  | 1.000000000000 33.745117353447 20.680262580637 2.889624678569 -0.001894661847 0.002348054434 0.999995448438 4.481000000000 . 409
-7.324094606595 2.633841122843 7.201628430514 0.635126764829 -0.546421768516 -0.492313119455 0.998616087646 0.052567469762 0.001603314788 -0.052573022178 0.998610435256 0.003643615928 -0.001409551208 -0.003722864587 0.999992076691 2.931327205587 -1.107523176592 0.659121492261  | 1.000000000000 -7.324094606595 2.633841122843 7.201628430514 -0.001409551208 -0.003722864587 0.999992076691 4.481000000000 . 413
25.047976213416 -33.268171266711 -14.169313629918 0.634523424420 -0.519163757970 1.065405391006 0.998798449546 -0.048636519308 0.006012168882 0.048663216908 0.998805653447 -0.004376981034 -0.005792107146 0.004664293349 0.999972347549 -3.670232575031 -4.562290248684 -0.609916236843  | 1.000000000000 25.047976213416 -33.268171266711 -14.169313629918 -0.005792107146 0.004664293349 0.999972347549 4.481000000000 . 171
