21.5443 21.5443 21.5443
13.128990362626 27.197771881739 -14.764289204292 0.564354642912 0.234575489568 0.513408648064 0.110805662651 -0.744131358278 -0.658779649619 -0.914488815988 -0.335886733562 0.225588802137 -0.389143046394 0.577450105070 -0.717717956859 0.067890019682 0.167176579061 -0.030871790626  | 0.069000000000 13.128990362626 27.197771881739 -14.764289204292 -0.389143046394 0.577450105070 -0.717717956859 4.000000000000 . 21
0.128418544067 2.010802390768 13.096785268496 0.147899618916 -0.011834904486 -0.272408867057 0.644256432312 0.704166163376 0.298468865680 0.714450297694 -0.693383217502 0.093704246497 0.272936662158 0.152871606397 -0.949808322983 0.340525220619 0.022320236893 0.038737330009  | 0.069000000000 0.128418544067 2.010802390768 13.096785268496 0.272936662158 0.152871606397 -0.949808322983 4.000000000000 . 6
-4.872618521227 23.476083315992 22.504041275766 -0.722314599144 -0.342166898579 0.059531333965 -0.658208314528 0.721644968896 0.214453616320 0.284059391956 -0.025740079323 0.958461115621 0.697188695066 0.691784639309 -0.188047696846 -0.058809855869 0.134599227051 0.178879687853  | 0.069000000000 -4.872618521227 23.476083315992 22.504041275766 0.697188695066 0.691784639309 -0.188047696846 4.000000000000 . 12
15.560186122776 17.081401696397 10.013654179832 -0.514190224354 -0.288643065246 0.800292183034 0.300936058721 -0.923377163540 0.238352894704 -0.758116217922 -0.383267458765 -0.527603880933 0.578530283291 -0.021924162570 -0.815366201416 -0.180282841275 -0.227260935779 -0.245122915101  | 0.069000000000 15.560186122776 17.081401696397 10.013654179832 0.578530283291 -0.021924162570 -0.815366201416 4.000000000000 . 17
-36.584410231398 6.194061336490 -3.672461631914 -0.857793148844 -0.369419570171 -0.033285579340 0.276755912872 0.948494594398 0.154156313809 -0.895195700073 0.312800044900 -0.317459903738 -0.349329104515 -0.050141163801 0.935657544421 -0.006400307111 0.141140915715 0.097365649779  | 0.069000000000 -36.584410231398 6.194061336490 -3.672461631914 -0.349329104515 -0.050141163801 0.935657544421 4.000000000000 . 53
-8.143757646008 7.491570561839 24.088919649131 -0.499646443492 -0.738221943941 -0.412191484667 -0.070208280489 0.601496717043 -0.795784202367 0.246785796822 0.783427537656 0.570384136989 0.966523444019 -0.156342549004 -0.203443946908 0.019570558856 -0.535293705732 0.451906331812  | 0.069000000000 -8.143757646008 7.491570561839 24.088919649131 0.966523444019 -0.156342549004 -0.203443946908 4.000000000000 . 40
-14.685151254780 -13.916042640190 7.333329830672 -0.176969464748 -0.375274173978 -0.249018193932 -0.775321913563 0.259047708054 -0.575994978538 0.076447528010 -0.866810958150 -0.492741857662 -0.626922408126 -0.426066952231 0.652253973853 -0.090314158525 0.124624804699 0.291332844178  | 0.069000000000 -14.685151254780 -13.916042640190 7.333329830672 -0.626922408126 -0.426066952231 0.652253973853 4.000000000000 . 38
5.293448973471 16.110020110751 -16.500312123533 -1.087963214954 0.100330082648 -0.902105003874 -0.813194490812 -0.537256455730 0.223763761342 0.227769682454 -0.647602384971 -0.727139685848 0.535570435955 -0.540339385716 0.648997424013 0.067547916398 0.054028854827 0.086223947093  | 0.069000000000 5.293448973471 16.110020110751 -16.500312123533 0.535570435955 -0.540339385716 0.648997424013 4.000000000000 . 30
-32.778195388093 -33.717452902330 25.755598833219 -0.446038614174 -1.029149399512 -0.237404397972 -0.517110501445 -0.060806890987 0.853755967067 0.584384518281 0.703716851541 0.404075893429 -0.625373059932 0.707873657417 -0.328364768278 0.026467894570 -0.069298907348 -0.327466779300  | 0.069000000000 -32.778195388093 -33.717452902330 25.755598833219 -0.625373059932 0.707873657417 -0.328364768278 4.000000000000 . 64
19.436960711273 -28.168789016158 4.250897494193 0.312194062026 -0.909588766836 0.883667384180 -0.077237136995 0.033784303364 0.996440186622 -0.358262649657 -0.933612761059 0.003884102071 0.930420495545 -0.356687304560 0.084213230766 0.224399999389 0.378153699298 0.125360531756  | 0.069000000000 19.436960711273 -28.168789016158 4.250897494193 0.930420495545 -0.356687304560 0.084213230766 4.000000000000 . 45
-19.631459689449 2.634738555570 10.669635717901 -0.603915486583 -0.880444540907 0.660297665301 0.154930221850 0.494228277693 -0.855415124888 -0.095327810851 0.869308565609 0.484989923852 0.983315429980 0.006405254727 0.181795868699 0.099745440053 -0.456188911531 0.240775366834  | 0.069000000000 -19.631459689449 2.634738555570 10.669635717901 0.983315429980 0.006405254727 0.181795868699 4.000000000000 . 66
-5.554757599764 1.741223279672 23.048504761650 -0.328065326286 0.928835406167 0.175768855920 -0.613525081454 -0.542117990164 -0.574190786384 -0.534822797632 0.820228542983 -0.202952488058 0.580991867035 0.182573880981 -0.793167843790 -0.043125320460 -0.133167962372 -0.073527174087  | 0.069000000000 -5.554757599764 1.741223279672 23.048504761650 0.580991867035 0.182573880981 -0.793167843790 4.000000000000 . 12
0.069554287099 -11.957771811657 1.829120983837 0.134053828626 -0.334264159438 -0.331571210969 0.399034053646 0.082507665791 0.913216463450 -0.210070125277 0.977680201405 0.003459226215 -0.892548243232 -0.193219845941 0.407460089625 -0.162249833269 -0.045837282994 0.100730674843  | 0.069000000000 0.069554287099 -11.957771811657 1.829120983837 -0.892548243232 -0.193219845941 0.407460089625 4.000000000000 . 24
4.448213123895 10.388275134921 -33.768988667611 0.576696745346 0.501092086411 -0.678655895071 -0.876826769911 -0.247070213013 -0.412469544826 0.035809033733 0.821930509218 -0.568461037468 0.479471092633 -0.513211991148 -0.711843327897 -0.038862361224 0.091650752693 -0.271718434630  | 0.069000000000 4.448213123895 10.388275134921 -33.768988667611 0.479471092633 -0.513211991148 -0.711843327897 4.000000000000 . 5
-13.799168888236 -26.173708010863 3.282355507573 -0.114881506040 -0.541462800027 -0.390027196179 -0.549343723507 0.790499295779 0.270799440207 -0.751869146633 -0.326224714706 -0.572948707875 -0.364574079969 -0.518351520580 0.773561530408 -0.052038576802 0.090164492332 0.139910239893  | 0.069000000000 -13.799168888236 -26.173708010863 3.282355507573 -0.364574079969 -0.518351520580 0.773561530408 4.000000000000 . 57
0.344496040286 25.815751425874 0.165816241728 0.222594186677 0.643782058726 -0.133652966544 0.979035587963 -0.039672893629 0.199788335530 -0.201280888610 -0.338819818334 0.919068623436 0.031230135814 -0.940014463833 -0.339702055339 -0.167763136188 0.044774916922 -0.309922706300  | 0.069000000000 0.344496040286 25.815751425874 0.165816241728 0.031230135814 -0.940014463833 -0.339702055339 4.000000000000 . 56
-6.569104571169 -14.763376753189 23.121912079272 -0.595228287417 0.082668989124 0.151190302002 -0.725405881596 -0.624210153555 -0.290082731552 0.416136993864 -0.062013683748 -0.907184824259 0.548284879678 -0.778791363092 0.304742027770 0.070562050892 0.082219244128 0.367322452127  | 0.069000000000 -6.569104571169 -14.763376753189 23.121912079272 0.548284879678 -0.778791363092 0.304742027770 4.000000000000 . 11
-2.134878739969 -6.947314480938 17.191905631178 -0.451716993428 0.296746207968 0.550770101745 -0.622258495239 -0.353877499927 0.698258605495 0.782572655365 -0.259163761359 0.566051396848 -0.019349526546 0.898668381464 0.438201706956 0.360346155045 0.446338936423 -0.468660365842  | 0.069000000000 -2.134878739969 -6.947314480938 17.191905631178 -0.019349526546 0.898668381464 0.438201706956 4.000000000000 . 58
10.344337723477 -19.371967812172 -34.875452108156 0.238448537726 -0.221552865102 -1.222833645058 -0.897462378786 0.441090575677 -0.000618637833 0.422701192408 0.859644085242 -0.286942064964 -0.126035632267 -0.257781207146 -0.957947737949 -0.168707667389 0.439504642586 0.100348420205  | 0.069000000000 10.344337723477 -19.371967812172 -34.875452108156 -0.126035632267 -0.257781207146 -0.957947737949 4.000000000000 . 10
-15.831156346814 -6.775232258796 -25.957061350188 0.117261859259 0.759994962305 -0.803000727256 0.522186477328 0.005045234644 -0.852816409612 -0.256600254356 -0.952715710677 -0.162754674568 -0.813312727283 0.303821197807 -0.496200652361 -0.004192981148 0.323285526894 0.046459425106  | 0.069000000000 -15.831156346814 -6.775232258796 -25.957061350188 -0.813312727283 0.303821197807 -0.496200652361 4.000000000000 . 15
-21.410766200797 2.193021237330 -9.402492279452 0.251353377305 0.096786615966 -0.436770912119 0.355533289558 0.785573302112 0.506429330731 0.933841102552 -0.321284634481 -0.157216344031 0.039202999888 0.528820168540 -0.847828021562 0.217296013346 -0.270628622268 -0.115501672576  | 0.069000000000 -21.410766200797 2.193021237330 -9.402492279452 0.039202999888 0.528820168540 -0.847828021562 4.000000000000 . 6
-2.449033834363 -1.183581114296 -22.454211903957 -0.394556959945 1.199324675945 -1.209954025663 -0.708819930994 0.702818476775 -0.060170542038 -0.510782473442 -0.570226292301 -0.643384209002 -0.486493134844 -0.425309492337 0.763175121108 0.217404165530 -0.594642702433 -0.101024911336  | 0.069000000000 -2.449033834363 -1.183581114296 -22.454211903957 -0.486493134844 -0.425309492337 0.763175121108 4.000000000000 . 47
-26.199055574878 18.371325954861 -19.331586946270 -0.223773956096 -0.359530845647 0.125859663722 -0.646576914333 0.078310965891 -0.758818612365 -0.689477351974 -0.485644913236 0.537373240274 -0.326434181674 0.870641379024 0.368000426855 0.311996244075 0.278231695296 -0.037681617948  | 0.069000000000 -26.199055574878 18.371325954861 -19.331586946270 -0.326434181674 0.870641379024 0.368000426855 4.000000000000 . 43
-4.789364157266 13.401100049804 11.879687228634 -0.292634526099 0.039695408702 -0.199862430310 0.610071424197 -0.148177226552 -0.778367758139 0.021325932235 -0.978931285967 0.203073242870 -0.792059380345 -0.140488600558 -0.594057986328 0.211562322129 -0.055716987324 -0.296302839824  | 0.069000000000 -4.789364157266 13.401100049804 11.879687228634 -0.792059380345 -0.140488600558 -0.594057986328 4.000000000000 . 13
-19.515243159071 18.013458531633 2.585321707022 -0.288954825519 -0.701179732291 0.172725360783 -0.168486020393 -0.705730741221 0.688154475266 0.393091966420 0.592111827305 0.703478706075 -0.903930952489 0.389034323500 0.177654519419 -0.063514311013 -0.187205687805 -0.354093985573  | 0.069000000000 -19.515243159071 18.013458531633 2.585321707022 -0.903930952489 0.389034323500 0.177654519419 4.000000000000 . 18
-0.148206601957 -18.214727544971 8.405163513997 0.226942757597 -0.276616306009 0.054327334485 0.744764853844 0.615674678766 0.257429606698 -0.617093976261 0.782230821383 -0.085498342324 -0.254008537141 -0.095182099179 0.962507158963 -0.026730037924 -0.075023738342 0.075789367656  | 0.069000000000 -0.148206601957 -18.214727544971 8.405163513997 -0.254008537141 -0.095182099179 0.962507158963 4.000000000000 . 29
38.869216706268 -59.718189436572 -27.510023839589 0.488832334466 -0.988538029361 -0.116048268870 -0.267040493338 -0.400374070904 -0.876578563658 -0.640201601841 0.753585557802 -0.149166739163 0.720299440454 0.521353440978 -0.457557980656 -0.079190141377 -0.116257217750 0.012627705519  | 0.069000000000 38.869216706268 -59.718189436572 -27.510023839589 0.720299440454 0.521353440978 -0.457557980656 4.000000000000 . 23
-16.806061262789 37.248664554352 -4.021625798476 -0.124459990151 -0.147415659431 0.320138117743 0.191010478287 0.023824111053 -0.981298837723 -0.961906348271 0.203731984190 -0.182289483445 0.195579074395 0.978736782976 0.061831507406 -0.267536065949 -0.105809454850 -0.066894809579  | 0.069000000000 -16.806061262789 37.248664554352 -4.021625798476 0.195579074395 0.978736782976 0.061831507406 4.000000000000 . 3
25.210903155545 -78.395295544203 30.803854234505 0.907343611755 -0.023361519869 -0.593896461259 -0.695651254167 -0.353106366784 -0.625607885430 -0.165587371594 -0.768592872351 0.617936743478 -0.699035160020 0.533461235993 0.476202640426 -0.200113263596 -0.049158823576 -0.123482257061  | 0.069000000000 25.210903155545 -78.395295544203 30.803854234505 -0.699035160020 0.533461235993 0.476202640426 4.000000000000 . 5
-1.843500935539 24.528478350605 31.756553653455 0.088199329473 0.577249959483 0.759076429513 0.671499758561 -0.606630394619 -0.425543932605 0.372365565112 0.772751231253 -0.514003327339 0.640649639172 0.186695203263 0.744790534921 -0.179725740203 -0.567211664380 0.127314915966  | 0.069000000000 -1.843500935539 24.528478350605 31.756553653455 0.640649639172 0.186695203263 0.744790534921 4.000000000000 . 14
20.760222349176 -12.513801266832 23.621102746499 -1.000590242010 -0.319107037889 0.559062755015 -0.498071769634 0.251835963163 0.829760905292 -0.732748588953 0.389450658517 -0.558039147344 -0.463685257131 -0.885949678164 -0.009441932017 0.695609687209 -0.163412898388 0.199021324358  | 0.069000000000 20.760222349176 -12.513801266832 23.621102746499 -0.463685257131 -0.885949678164 -0.009441932017 4.000000000000 . 44
-1.760388235760 15.524418523363 -4.584002002351 0.550354868065 -0.058826313204 0.339039519910 0.367387812742 -0.924328359720 0.103166266125 -0.662198905639 -0.337851465731 -0.668841533156 0.653084071479 0.177407639411 -0.736211739284 -0.228005602317 -0.231439734493 0.058593205647  | 0.069000000000 -1.760388235760 15.524418523363 -4.584002002351 0.653084071479 0.177407639411 -0.736211739284 4.000000000000 . 1
21.865109399087 24.947994620772 0.072636691633 0.901894590041 0.437491840228 -0.433111378816 -0.322616127917 0.316288720724 -0.892121224470 0.924820132112 0.306037464277 -0.225939801052 0.201560306729 -0.897943492432 -0.391242798208 0.127731267466 0.033667631871 -0.188285957983  | 0.069000000000 21.865109399087 24.947994620772 0.072636691633 0.201560306729 -0.897943492432 -0.391242798208 4.000000000000 . 56
-18.686856986371 4.646033487461 1.010891940991 -0.139851222856 0.093565094886 -0.642747965541 0.445729197125 0.894922495346 0.020957341312 -0.863410881070 0.423618116538 0.273987849713 0.236319980705 -0.140219180802 0.961504783168 0.063188476966 0.116669708985 -0.095449022634  | 0.069000000000 -18.686856986371 4.646033487461 1.010891940991 0.236319980705 -0.140219180802 0.961504783168 4.000000000000 . 26
-5.472743385094 50.185519514658 10.119437645508 -0.546335253574 0.221278267573 0.479150579866 -0.421590582030 0.594045813725 -0.685106526271 0.899858595608 0.367292209541 -0.235267806385 0.111874434318 -0.715685687999 -0.689404168061 -0.007130110001 0.065627726526 0.008153273932  | 0.069000000000 -5.472743385094 50.185519514658 10.119437645508 0.111874434318 -0.715685687999 -0.689404168061 4.000000000000 . 41
-14.702558979312 25.613360985243 -2.351693763550 0.152085803897 -0.426785303793 -0.948204573263 0.462851409375 0.877221189727 -0.127481595274 -0.074681305962 0.181891765551 0.980478499593 0.883284368355 -0.444295363377 0.149700884105 0.022910351243 -0.171573285977 -0.076853722511  | 0.069000000000 -14.702558979312 25.613360985243 -2.351693763550 0.883284368355 -0.444295363377 0.149700884105 4.000000000000 . 70
-9.361564361172 -17.637902325094 -32.068315344689 -0.349881688289 -1.259938097884 -0.073801959695 0.121923800107 0.289294106143 -0.949443788288 -0.975228675742 -0.142959538210 -0.168794550997 -0.184563314282 0.946504881438 0.264697737874 -0.058417877967 0.018085883874 0.043290085561  | 0.069000000000 -9.361564361172 -17.637902325094 -32.068315344689 -0.184563314282 0.946504881438 0.264697737874 4.000000000000 . 28
-42.816616396262 -30.956271654169 10.020292819978 -0.699687082680 0.108552572765 0.417235310161 -0.960879461942 -0.119718252078 0.249756280675 -0.021236505323 0.930946469076 0.364537628451 -0.276151535319 0.344972769700 -0.897069739600 -0.200797783652 0.044686059158 -0.123995299997  | 0.069000000000 -42.816616396262 -30.956271654169 10.020292819978 -0.276151535319 0.344972769700 -0.897069739600 4.000000000000 . 50
3.926731416604 6.927481738977 -15.104293859009 -0.410964451772 0.730587333738 0.222353931620 0.681571445171 0.018157654746 0.731526257015 -0.065126314781 0.997230103505 0.035926087833 -0.728847671500 -0.072127804888 0.680866103952 0.508380275837 -0.044885439600 0.348080814265  | 0.069000000000 3.926731416604 6.927481738977 -15.104293859009 -0.728847671500 -0.072127804888 0.680866103952 4.000000000000 . 42
20.326329051471 -5.384563433441 -5.113513316328 1.232903678560 0.031308913112 1.018632759114 -0.075076570992 0.446412844274 0.891672070301 0.994361331462 0.100674143093 0.033320555303 -0.074893597732 0.889145820088 -0.451453939665 -0.154896266753 0.225027773435 0.494178095188  | 0.069000000000 20.326329051471 -5.384563433441 -5.113513316328 -0.074893597732 0.889145820088 -0.451453939665 4.000000000000 . 1
4.705647629232 0.571578426834 -16.538802791752 0.173818505475 0.327337091487 -0.201976587308 0.049308423617 0.140185338064 -0.988896733917 -0.717535203539 0.693706906502 0.062561646031 0.694774719634 0.706483403106 0.134793509093 -0.075782524923 -0.000845991657 0.270685082179  | 0.069000000000 4.705647629232 0.571578426834 -16.538802791752 0.694774719634 0.706483403106 0.134793509093 4.000000000000 . 4
12.241596864946 24.780159918797 -11.077867359147 0.333796079605 0.619617445494 -0.550461802904 -0.290910130093 0.772685558925 -0.564205922725 -0.942867681560 -0.131439608719 0.306144025467 0.162394061709 0.621031928558 0.766777355190 -0.252008810735 0.074790810747 0.111450668287  | 0.069000000000 12.241596864946 24.780159918797 -11.077867359147 0.162394061709 0.621031928558 0.766777355190 4.000000000000 . 28
23.957448691665 15.068093773229 13.591452221301 0.363082100975 0.044139847618 -0.338081499408 -0.308830460914 0.341404396780 -0.887731256784 -0.541017376860 -0.830705106135 -0.131260140852 -0.782255677095 0.439740906103 0.441252752006 -0.045585600378 -0.360802207985 0.176267799653  | 0.069000000000 23.957448691665 15.068093773229 13.591452221301 -0.782255677095 0.439740906103 0.441252752006 4.000000000000 . 39
20.693639627075 -4.601905121475 -5.419044054068 0.080049849217 0.043994913665 -0.037998107975 0.645670142207 -0.064719817097 0.760868853836 0.465098038118 -0.756930052147 -0.459065040158 0.605635106646 0.650283200946 -0.458626074451 0.117435733894 -0.133193027696 -0.030682137772  | 0.069000000000 20.693639627075 -4.601905121475 -5.419044054068 0.605635106646 0.650283200946 -0.458626074451 4.000000000000 . 1
1.539579930466 -6.106219567654 -7.757642715201 1.030173995086 -0.649751022214 0.392134745189 -0.514533066294 -0.810314528526 -0.280439099537 -0.185209217738 -0.214309033200 0.959045975933 -0.837229520117 0.545400772963 -0.039808635963 -0.135368498439 0.173615918655 0.273031697189  | 0.069000000000 1.539579930466 -6.106219567654 -7.757642715201 -0.837229520117 0.545400772963 -0.039808635963 4.000000000000 . 39
-18.321841553277 52.314343684658 -54.290000144729 0.726539101888 -0.250841868064 0.794906599065 0.545027258884 -0.213048243831 0.810898102646 0.819192252751 0.341255071319 -0.460943629234 -0.178519859138 0.915508286199 0.360520786909 0.210210521930 0.110597936928 0.285752833197  | 0.069000000000 -18.321841553277 52.314343684658 -54.290000144729 -0.178519859138 0.915508286199 0.360520786909 4.000000000000 . 5
36.089079206578 -30.149206057031 15.637013638310 0.258449409844 -0.547940884245 0.459239801385 -0.859968256503 -0.069642259370 0.505573489728 -0.270602377908 -0.777698072372 -0.567415245917 0.432699608131 -0.624768488272 0.649950294396 -0.180787649251 0.177996933019 0.216135362455  | 0.069000000000 36.089079206578 -30.149206057031 15.637013638310 0.432699608131 -0.624768488272 0.649950294396 4.000000000000 . 37
13.758303743819 -31.015923448297 5.259335360600 0.863304418578 0.020097607439 0.280760696919 -0.586906958637 0.096486230352 0.803884711421 0.087780204743 0.994604267590 -0.055290022122 -0.804881890440 0.038115065832 -0.592209746794 -0.032970806629 -0.260801648613 -0.001988736512  | 0.069000000000 13.758303743819 -31.015923448297 5.259335360600 -0.804881890440 0.038115065832 -0.592209746794 4.000000000000 . 65
-16.909416434923 53.464718890838 -11.047112699809 0.398568264160 -0.519336148109 -0.677030623427 -0.845270067426 0.533525875137 0.029472931194 -0.371250683740 -0.626056916606 0.685730024859 0.384306444047 0.568685218491 0.727259018050 -0.151438666103 -0.213938688552 0.093328549802  | 0.069000000000 -16.909416434923 53.464718890838 -11.047112699809 0.384306444047 0.568685218491 0.727259018050 4.000000000000 . 5
25.028481514159 31.432489606074 32.611080527859 -0.253204811816 -0.121804382643 -0.854277644067 0.970290219544 0.019339075817 -0.241169836431 -0.160073489422 0.798758425172 -0.579966771635 0.181420417379 0.601340983439 0.778123161071 0.098704446767 -0.027459006277 0.060054116455  | 0.069000000000 25.028481514159 31.432489606074 32.611080527859 0.181420417379 0.601340983439 0.778123161071 4.000000000000 . 5
0.760900432901 -9.535189582863 -10.687166431799 -0.418599811039 0.879277286358 0.371508273367 0.656695349067 -0.249614058316 -0.711648818172 -0.201081267538 -0.967429143539 0.153776383353 -0.726854553786 0.042115010656 -0.685498930355 0.185464844400 -0.036585964500 -0.078352288219  | 0.069000000000 0.760900432901 -9.535189582863 -10.687166431799 -0.726854553786 0.042115010656 -0.685498930355 4.000000000000 . 50
25.835986768907 -1.862532315505 -23.155140698981 0.132021946332 -1.432213040034 -0.107948450843 -0.526988447818 0.020646681356 0.849621616024 -0.807154563147 -0.325118267969 -0.492747017266 0.266053917576 -0.945447950118 0.187998634465 -0.154383298129 -0.240795966478 0.074536989155  | 0.069000000000 25.835986768907 -1.862532315505 -23.155140698981 0.266053917576 -0.945447950118 0.187998634465 4.000000000000 . 8
-34.907388935775 -12.482316265551 -3.814989044393 -0.332924660714 -0.061800923397 0.459461558737 0.456911463708 -0.888722198571 0.037480236106 -0.823519991901 -0.406711129688 0.395475511160 -0.336224236592 -0.211563018400 -0.917711475342 0.079251954473 0.062564530566 0.003678595776  | 0.069000000000 -34.907388935775 -12.482316265551 -3.814989044393 -0.336224236592 -0.211563018400 -0.917711475342 4.000000000000 . 52
-29.530038492773 -21.422752687976 16.548709964917 -0.868058796830 0.130986480156 -0.540434780829 -0.259743302049 0.162384918911 -0.951926759342 0.948429461807 0.228376311509 -0.219831336068 0.181700228443 -0.959935101167 -0.213329858509 -0.151861704998 0.053974451984 0.046798700979  | 0.069000000000 -29.530038492773 -21.422752687976 16.548709964917 0.181700228443 -0.959935101167 -0.213329858509 4.000000000000 . 55
4.595135587281 5.204004630272 1.130699041056 0.533265885826 -0.349142962257 0.435006473994 0.234411855388 -0.743055625263 0.626832848388 -0.204069149465 -0.668043565628 -0.715593164207 0.950477177154 0.039826275097 -0.308232061151 0.081981038114 0.267107674233 0.186393510564  | 0.069000000000 4.595135587281 5.204004630272 1.130699041056 0.950477177154 0.039826275097 -0.308232061151 4.000000000000 . 26
8.184650209517 14.619938567498 -17.539335467166 -0.237845226845 -0.031951295722 0.293161712555 0.183979601991 -0.183249448257 0.965697232969 -0.911762007132 0.335218894128 0.237314844397 -0.367207772797 -0.924147138032 -0.105406446027 -0.317340798234 0.013180257602 -0.132921144674  | 0.069000000000 8.184650209517 14.619938567498 -17.539335467166 -0.367207772797 -0.924147138032 -0.105406446027 4.000000000000 . 54
-1.762080364792 -24.989050767388 13.510245910904 -0.037642100394 -0.569615829499 -0.604203729364 -0.780983585636 0.288750397563 0.553794047345 -0.432596082451 0.389459589906 -0.813130897998 -0.450472272639 -0.874611019676 -0.179249256193 -0.131231287719 -0.138379104159 0.208480738767  | 0.069000000000 -1.762080364792 -24.989050767388 13.510245910904 -0.450472272639 -0.874611019676 -0.179249256193 4.000000000000 . 63
6.100885159897 2.338018101140 2.395104355941 -0.438213385229 0.267973581046 0.229970710991 -0.201172789502 -0.953152856429 -0.225896305958 0.934990485219 -0.118077325704 -0.334440634052 0.292099813959 -0.278491251992 0.914942796709 0.234370001033 0.009859152366 -0.142721835704  | 0.069000000000 6.100885159897 2.338018101140 2.395104355941 0.292099813959 -0.278491251992 0.914942796709 4.000000000000 . 36
-11.141141622004 0.179366992753 18.382838215836 -0.306650012096 0.196208633975 0.260436769199 -0.745730547644 -0.298978391196 0.595397238747 0.306295474056 0.639771712701 0.704893777955 -0.591666318868 0.708028302559 -0.385521581616 0.047282780982 -0.033811517648 0.189830433241  | 0.069000000000 -11.141141622004 0.179366992753 18.382838215836 -0.591666318868 0.708028302559 -0.385521581616 4.000000000000 . 31
10.869484946233 10.808144204579 13.654180369194 0.142371158576 -0.051783728182 0.027446255125 0.703073886292 -0.182971239589 0.687174385361 -0.004146420438 -0.967369627134 -0.253335373953 0.711104716347 0.175264171985 -0.680890998918 0.146616353285 -0.065851003433 0.362003163941  | 0.069000000000 10.869484946233 10.808144204579 13.654180369194 0.711104716347 0.175264171985 -0.680890998918 4.000000000000 . 33
-29.005463501275 -35.999782964473 45.030800850557 0.023852718611 -0.364883174936 1.376980401189 -0.063278804846 0.902814336053 -0.425349347565 0.873329075662 0.256364070235 0.414214665476 0.483003228209 -0.345258943562 -0.804676421570 0.205545482624 -0.089357095666 0.248821912284  | 0.069000000000 -29.005463501275 -35.999782964473 45.030800850557 0.483003228209 -0.345258943562 -0.804676421570 4.000000000000 . 11
24.896309274915 -9.508388222331 -8.008173214766 -0.496033189624 0.941494350392 -0.165490010401 -0.032547270299 -0.998857238976 0.034998447685 -0.813237864019 0.046822842294 0.580044651700 -0.581020526077 -0.009583192775 -0.813832483189 0.135118701291 -0.119645033445 0.085022544104  | 0.069000000000 24.896309274915 -9.508388222331 -8.008173214766 -0.581020526077 -0.009583192775 -0.813832483189 4.000000000000 . 71
4.856469671740 -35.468664898108 -58.403302154854 -0.791119266400 -0.092589766518 -0.269430246451 -0.189774770507 0.209095885387 0.959304147387 -0.909051168366 0.331738937869 -0.252141330198 -0.370960253628 -0.919906619074 0.127123178109 0.536307704286 0.026877287382 0.440680665399  | 0.069000000000 4.856469671740 -35.468664898108 -58.403302154854 -0.370960253628 -0.919906619074 0.127123178109 4.000000000000 . 46
3.901228366676 -15.520051925212 -6.674625652124 -0.399125866854 -0.757369877399 0.308433581146 -0.206301515710 0.415932341585 -0.885686158771 -0.001522487536 -0.905292834082 -0.424785318239 -0.978487284868 -0.086285408866 0.187396535638 -0.051036231770 -0.029667111375 0.306491545670  | 0.069000000000 3.901228366676 -15.520051925212 -6.674625652124 -0.978487284868 -0.086285408866 0.187396535638 4.000000000000 . 35
-9.662226166713 0.619625838190 -3.896616686942 -0.419917112082 -1.080976730766 0.658583424296 -0.461445441811 0.379498627982 0.801903295661 -0.856525087707 -0.426084176581 -0.291233666660 0.231155528510 -0.821238738630 0.521664696728 0.225952067122 -0.004310786289 -0.002939367531  | 0.069000000000 -9.662226166713 0.619625838190 -3.896616686942 0.231155528510 -0.821238738630 0.521664696728 4.000000000000 . 72
7.611646745475 -7.903238138260 -5.521559330406 0.357593176073 0.153824675460 -0.495936288470 -0.703578226899 -0.710358472516 0.019196852827 0.647923986553 -0.652365817529 -0.393209038260 0.291842742387 -0.264215216526 0.919248678581 0.138983106108 -0.284814770767 -0.110908473653  | 0.069000000000 7.611646745475 -7.903238138260 -5.521559330406 0.291842742387 -0.264215216526 0.919248678581 4.000000000000 . 32
-30.011960854984 5.637487451170 -17.213625353580 -0.503047347757 -0.259808015916 -0.360291363561 -0.261130589006 -0.486095401206 0.833979661870 -0.935276452884 -0.086403010647 -0.343209085590 0.238890711761 -0.869623930603 -0.432071113541 -0.075797071501 0.201417162739 -0.281448639871  | 0.069000000000 -30.011960854984 5.637487451170 -17.213625353580 0.238890711761 -0.869623930603 -0.432071113541 4.000000000000 . 27
-12.694107229187 20.134917192626 -10.451503818532 -0.661210666828 1.185481651879 0.282232932168 0.690248582804 0.306885849764 -0.655269386704 0.656138333768 0.116290040826 0.745626658164 0.305023574329 -0.944615107660 -0.121090534247 0.007203408763 0.034641740432 0.098455585104  | 0.069000000000 -12.694107229187 20.134917192626 -10.451503818532 0.305023574329 -0.944615107660 -0.121090534247 4.000000000000 . 59
-17.630032670396 -32.230745559372 9.893733029977 0.021317405718 0.321139368817 -0.110532368817 0.902962106461 0.327159001182 -0.278615186668 0.414767974411 -0.493988255324 0.764161717836 0.112369754380 -0.805569731028 -0.581747751824 -0.239340858908 -0.309179834008 0.461007080280  | 0.069000000000 -17.630032670396 -32.230745559372 9.893733029977 0.112369754380 -0.805569731028 -0.581747751824 4.000000000000 . 5
24.124044708617 -8.340323303576 -9.159420017298 0.464144579495 -0.822453374188 0.045183105314 0.778787276435 0.273561936856 0.564494680902 0.566529551848 0.079630883910 -0.820184850635 -0.269322566723 0.958552444591 -0.092965402289 -0.022039235093 -0.174730832442 0.062516088752  | 0.069000000000 24.124044708617 -8.340323303576 -9.159420017298 -0.269322566723 0.958552444591 -0.092965402289 4.000000000000 . 7
24.399228135065 12.434657211261 -8.709856811078 1.097848941391 0.045410287234 -0.404753635080 -0.787838710735 -0.393318450882 -0.473931178615 -0.611399185423 0.406800766713 0.678751922477 -0.074170087852 0.824508176065 -0.560967972054 -0.080230879814 -0.131490931413 0.077579456973  | 0.069000000000 24.399228135065 12.434657211261 -8.709856811078 -0.074170087852 0.824508176065 -0.560967972054 4.000000000000 . 7
4.611558450301 -15.767081194461 -7.090902292015 0.270882797020 -0.000262062971 0.789266048735 0.043621165921 -0.770757970973 0.635633026255 0.618657347364 0.520412056251 0.588586763580 -0.784449029852 0.367564201047 0.499536062435 -0.084942209501 0.030582840068 0.008305284208  | 0.069000000000 4.611558450301 -15.767081194461 -7.090902292015 -0.784449029852 0.367564201047 0.499536062435 4.000000000000 . 35
-44.384581002643 8.476812365934 2.450905141735 0.598516305121 0.772497457481 0.219079310844 -0.689875517211 -0.325994541954 -0.646373985684 0.503401156166 -0.857684370687 -0.104712923029 -0.520249023761 -0.397624293643 0.755801478155 0.110165007569 0.152032871723 0.070984755345  | 0.069000000000 -44.384581002643 8.476812365934 2.450905141735 -0.520249023761 -0.397624293643 0.755801478155 4.000000000000 . 44
-3.292073048439 20.205623710793 -22.023486002089 -0.844834212934 0.678999275677 -0.555271466364 -0.073711257270 0.161678611722 -0.984086722328 0.071525185876 -0.983372900447 -0.166918801971 -0.994711414601 -0.082690780488 0.060921560102 -0.116896620493 0.145029512507 0.138044176580  | 0.069000000000 -3.292073048439 20.205623710793 -22.023486002089 -0.994711414601 -0.082690780488 0.060921560102 4.000000000000 . 47
14.167129543340 3.854694748739 -3.657141466745 -0.912023573165 0.278682381458 -0.505959056362 -0.420710518570 -0.836097079953 -0.352057285763 -0.732929167882 0.541951954258 -0.411221247194 0.534619018023 0.085027949347 -0.840804824795 -0.147698793475 -0.040266480915 0.046718662338  | 0.069000000000 14.167129543340 3.854694748739 -3.657141466745 0.534619018023 0.085027949347 -0.840804824795 4.000000000000 . 25
25.012434934962 30.261712961328 31.114441150519 -0.473404425536 -0.310290092615 0.845716479198 0.455036027433 0.470686279332 -0.755907825192 -0.888382705032 0.298088897950 -0.349169268865 0.060978546544 0.830420035504 0.553790738000 0.213162062621 -0.215138376067 0.179742539058  | 0.069000000000 25.012434934962 30.261712961328 31.114441150519 0.060978546544 0.830420035504 0.553790738000 4.000000000000 . 5
-11.924144582559 8.193613680930 10.033088793467 -0.517408385533 0.310902941679 0.761324473664 0.024994400016 -0.782339124168 0.622351006077 0.991603105287 -0.059611299294 -0.114759638296 0.126880107004 0.619993538509 0.774279956252 -0.216801036383 0.059806016853 0.101647927331  | 0.069000000000 -11.924144582559 8.193613680930 10.033088793467 0.126880107004 0.619993538509 0.774279956252 4.000000000000 . 20
-22.517845776983 -8.958131226670 -21.998617737010 -0.555025958917 -0.068265521609 -0.396089887727 -0.308059026640 0.924560409784 -0.224249157779 0.831428910888 0.376204529358 0.408896219389 0.462412805019 -0.060483061678 -0.884599455689 0.229575734220 0.084791454403 0.279666215953  | 0.069000000000 -22.517845776983 -8.958131226670 -21.998617737010 0.462412805019 -0.060483061678 -0.884599455689 4.000000000000 . 2
-5.960035936975 18.311482670258 1.915404855952 0.903657991705 0.395389604755 -0.693655028393 -0.520532003582 0.557593562367 0.646634249366 0.352126108208 -0.549735572081 0.757494557543 0.777851937817 0.621996961403 0.089811707698 -0.002097719158 -0.051481884899 -0.038836441151  | 0.069000000000 -5.960035936975 18.311482670258 1.915404855952 0.777851937817 0.621996961403 0.089811707698 4.000000000000 . 9
-26.949436466424 -25.477267737522 31.092503970466 0.232571437181 0.385484618123 0.321685730348 -0.603632820592 0.188384578461 -0.774686174204 -0.391246622164 0.776639549431 0.493717622640 0.694660707504 0.601117510024 -0.395100291815 -0.319056597247 -0.155409467587 -0.375935986298  | 0.069000000000 -26.949436466424 -25.477267737522 31.092503970466 0.694660707504 0.601117510024 -0.395100291815 4.000000000000 . 17
-6.238873837721 1.425507948027 2.025276055025 1.046478224271 -0.132023886312 -0.173328896024 -0.197563939482 -0.519997498446 -0.831006071835 -0.610605644755 0.728457083038 -0.310662235821 0.766895844564 0.446041343131 -0.461430258878 -0.066844839072 0.021091709080 0.065157991259  | 0.069000000000 -6.238873837721 1.425507948027 2.025276055025 0.766895844564 0.446041343131 -0.461430258878 4.000000000000 . 12
1.028776627016 -10.159708672345 20.740002823476 -0.156659856628 -0.417473682548 0.031040293878 0.492243491101 0.131009382261 -0.860542205373 0.171210376271 -0.983869203641 -0.051849755872 -0.853453778787 -0.121811049936 -0.506733377219 -0.047995426341 -0.103684657229 0.065885919553  | 0.069000000000 1.028776627016 -10.159708672345 20.740002823476 -0.853453778787 -0.121811049936 -0.506733377219 4.000000000000 . 49
-0.950249177976 42.728211219814 -0.091710686904 0.463457463664 0.588367474604 -0.078914541502 0.846598730325 0.226048080664 0.481843185114 0.115020487192 -0.961637840771 0.249044073858 0.519654575020 -0.155418558821 -0.840121535395 -0.044414787406 0.403532889420 0.128702353923  | 0.069000000000 -0.950249177976 42.728211219814 -0.091710686904 0.519654575020 -0.155418558821 -0.840121535395 4.000000000000 . 51
21.935844912776 23.771709945964 -2.735891009372 -0.479338753397 0.488408337257 -0.103691426637 -0.487930708980 0.262486410091 0.832480935368 -0.565962207189 0.630941567074 -0.530659513221 -0.664537736527 -0.730077820136 -0.159298378135 -0.205583408928 -0.018840140531 0.257750446879  | 0.069000000000 21.935844912776 23.771709945964 -2.735891009372 -0.664537736527 -0.730077820136 -0.159298378135 4.000000000000 . 60
-1.565172865870 -24.118509748117 15.742891979305 0.572872877150 -0.190208185489 0.868410155647 0.668580202262 0.380142345889 0.639134031331 0.693206677101 -0.007471624323 -0.720700130188 -0.269193268798 0.924897816892 -0.268512592520 -0.033565836019 0.058929631570 -0.070922352859  | 0.069000000000 -1.565172865870 -24.118509748117 15.742891979305 -0.269193268798 0.924897816892 -0.268512592520 4.000000000000 . 34
3.920278224675 -0.889296775158 -23.208996885263 0.605123161881 0.503991046708 0.135871459613 0.611386547042 -0.121321306689 -0.781976745587 0.592836294558 0.724776901597 0.351060636880 0.524167547594 -0.678217946869 0.515042521152 -0.123375977227 -0.151366004761 -0.053236770131  | 0.069000000000 3.920278224675 -0.889296775158 -23.208996885263 0.524167547594 -0.678217946869 0.515042521152 4.000000000000 . 68
3.429647010375 -6.874391394709 11.725791948843 0.104984867553 0.369630948664 -0.048198490909 0.991708782731 0.089640017685 -0.092077996744 0.079062808989 -0.990476288614 -0.112719980162 -0.101305293493 0.104505449247 -0.989351226101 -0.154958655552 0.340902679293 -0.046105057513  | 0.069000000000 3.429647010375 -6.874391394709 11.725791948843 -0.101305293493 0.104505449247 -0.989351226101 4.000000000000 . 48
2.677285828169 -4.004253593907 2.228652150771 0.274699423271 0.406052426883 -0.040033072762 0.493424624663 0.869768399194 0.005922122865 -0.347583704768 0.203418499772 -0.915317694645 -0.797319075374 0.449581856522 0.402689019382 0.126504759389 0.067596143128 0.253839459053  | 0.069000000000 2.677285828169 -4.004253593907 2.228652150771 -0.797319075374 0.449581856522 0.402689019382 4.000000000000 . 18
25.550894139452 -14.064814129517 56.173315813905 0.680812255959 0.163055069921 0.963286129440 0.801447560916 -0.136159483220 -0.582359341155 -0.280868138397 0.773989865004 -0.567496940701 0.528010318019 0.618385222981 0.582069428904 -0.281073752292 0.411731511878 -0.081189671171  | 0.069000000000 25.550894139452 -14.064814129517 56.173315813905 0.528010318019 0.618385222981 0.582069428904 4.000000000000 . 22
-3.765342968115 27.920866672096 22.208423216034 0.526959617977 -0.384000267135 -0.261022753989 0.713312577282 0.620387897273 0.326042978774 -0.288875138034 0.684117367391 -0.669727244675 -0.638542341366 0.383539156477 0.667204161957 -0.032234631724 0.011618661796 0.061069186206  | 0.069000000000 -3.765342968115 27.920866672096 22.208423216034 -0.638542341366 0.383539156477 0.667204161957 4.000000000000 . 67
15.848724032957 -8.276842017133 11.701472621045 0.347750699398 0.542585605917 -0.002607120592 0.395624314551 0.902806992542 0.168585100033 -0.108881187186 0.228372653564 -0.967466184515 -0.911935463074 0.364397400267 0.188648471677 -0.131003768670 0.141845084894 -0.648127733944  | 0.069000000000 15.848724032957 -8.276842017133 11.701472621045 -0.911935463074 0.364397400267 0.188648471677 4.000000000000 . 13
-8.927499529504 15.409556875196 -1.610180089166 -0.203923646674 1.378548469200 -0.738844350953 0.195762747455 -0.969581703116 0.146929465020 -0.611041596173 -0.237789845968 -0.755039175739 0.767010504788 0.058028528648 -0.639005145056 0.090611257737 -0.067332581222 0.120912035101  | 0.069000000000 -8.927499529504 15.409556875196 -1.610180089166 0.767010504788 0.058028528648 -0.639005145056 4.000000000000 . 0
-44.939489627488 -14.961949623919 -28.654279382961 -0.597609347482 -0.536618325932 -0.992948808925 0.725613143730 0.670288287180 -0.155560848916 0.660991147362 -0.741811740302 -0.113163797476 -0.191249232038 -0.020711205166 -0.981322972943 -0.062252835346 -0.202727453216 0.062732671435  | 0.069000000000 -44.939489627488 -14.961949623919 -28.654279382961 -0.191249232038 -0.020711205166 -0.981322972943 4.000000000000 . 69
24.417426407243 -7.181132777832 -30.686833010675 -0.105089638196 -0.394602381601 0.320230094646 0.753190378597 -0.640478880073 0.149970189603 0.563829423119 0.511156234875 -0.648703079362 0.338822424309 0.573154523431 0.746118795539 -0.134693751185 0.141330807221 -0.114511541468  | 0.069000000000 24.417426407243 -7.181132777832 -30.686833010675 0.338822424309 0.573154523431 0.746118795539 4.000000000000 . 7
19.320821151439 -9.595902547573 -3.185876982842 0.164151229465 -0.195850897898 -0.380510041946 0.335787288395 0.409606162187 0.848215591021 -0.206468364504 0.910607941268 -0.357999988491 -0.919030854439 -0.054917840444 0.390341285786 0.031014663975 0.142274530849 -0.071029629464  | 0.069000000000 19.320821151439 -9.595902547573 -3.185876982842 -0.919030854439 -0.054917840444 0.390341285786 4.000000000000 . 62
3.758125793096 -16.722957594976 1.408375613459 -0.705402513925 0.322520214582 0.133140289518 -0.029174340951 -0.606518667595 -0.794533802735 -0.738079212601 0.549109275736 -0.392068972539 0.674083031797 0.574990529626 -0.463678721836 -0.133180638232 0.155046283706 0.052277871140  | 0.069000000000 3.758125793096 -16.722957594976 1.408375613459 0.674083031797 0.574990529626 -0.463678721836 4.000000000000 . 26
