27.1442 27.1442 27.1442
11.821091901164 9.247472115996 0.857664333323 0.894792723815 0.708573664323 -0.132057630798 0.997626212101 0.026492435869 -0.063561716233 -0.027815283850 0.999412621362 -0.020018048019 0.062994054585 0.021738516598 0.997777122399 -0.482262740920 1.430212323583 0.310180928219  | 1.000000000000 11.789594873872 9.236602857697 0.358775772123 0.801253355312 0.594940866339 -0.063548590237 1.500000000000 . 11.852588928457 9.258341374295 1.356552894522 0.997626212101 0.026492435869 -0.063561716233 2.000000000000 . 58
-3.515897575900 0.638428808981 -10.712559742752 0.569112592657 -0.573716634069 -0.499793418864 0.999845564962 0.017573263768 -0.000163177699 -0.017574017151 0.999795805765 -0.009975003535 -0.000012148989 0.009976330732 0.999950235100 -0.226010524611 0.000600640782 0.200959497992  | 1.000000000000 -3.515891501405 0.633440643614 -11.212534860303 0.808945492029 0.587854493863 -0.005855094362 1.500000000000 . -3.515903650394 0.643416974347 -10.212584625202 0.999845564962 0.017573263768 -0.000163177699 2.000000000000 . 39
9.139083104326 11.137605943595 -1.913585535867 -1.656221562267 -0.968506232325 -1.401089470152 0.999951284543 0.004573473819 -0.008747106793 -0.004867120588 0.999415091984 -0.033849446832 0.008587180982 0.033890371065 0.999388664670 -0.766160152356 0.196956008314 0.045602586225  | 1.000000000000 9.134789513835 11.120660758063 -2.413279868202 0.816320468935 0.576987320951 -0.026580455584 1.500000000000 . 9.143376694817 11.154551129127 -1.413891203532 0.999951284543 0.004573473819 -0.008747106793 2.000000000000 . 89
5.141285224488 -10.436910129313 -1.736783929085 -0.263659140214 -0.198405336416 -0.695485564802 0.999332751774 0.029384788953 -0.021692980673 -0.029568480258 0.999529153737 -0.008196084709 0.021441926394 0.008832044357 0.999731083234 -0.193163846427 0.482106129997 0.335081314583  | 1.000000000000 5.130564261291 -10.441326151492 -2.236649470702 0.801645678612 0.597376983493 -0.022470930461 1.500000000000 . 5.152006187685 -10.432494107134 -1.236918387468 0.999332751774 0.029384788953 -0.021692980673 2.000000000000 . 42
-12.810498785389 9.716810605821 0.270209939682 -0.191683607181 -0.492482077459 0.838926499529 0.999663433340 0.024961932510 -0.007065547983 -0.025406200391 0.997082903778 -0.071973661678 0.005248335414 0.072128946471 0.997381506775 -1.634387574723 0.132399738155 0.285419641929  | 1.000000000000 -12.813122953096 9.680746132585 -0.228480813705 0.804303942760 0.592350880272 -0.047070154683 1.500000000000 . -12.807874617682 9.752875079056 0.768900693070 0.999663433340 0.024961932510 -0.007065547983 2.000000000000 . 77
13.530049459779 -6.217618914676 -2.465658513446 -0.191032997744 -0.028752111370 1.632832138954 0.999993267490 0.003021635547 -0.002081992614 -0.002982073924 0.999819758688 0.018749863259 0.002138272606 -0.018743528369 0.999822038132 0.424000044087 0.049454865823 0.032647545577  | 1.000000000000 13.528980323476 -6.208247150491 -2.965569532512 0.817436077706 0.575948236752 0.009049011322 1.500000000000 . 13.531118596082 -6.226990678860 -1.965747494380 0.999993267490 0.003021635547 -0.002081992614 2.000000000000 . 54
7.231280037642 -6.434430898475 -1.257380273721 1.465674772723 0.629663553166 -0.236668298484 0.998123377779 -0.056668285074 -0.023204055622 0.057100510756 0.998198712134 0.018408225495 0.022119095868 -0.019698643637 0.999561258271 0.439054040775 0.505920312007 -0.649175195235  | 1.000000000000 7.220220489709 -6.424581576657 -1.757160902856 0.850366308761 0.526123322396 -0.008449125053 1.500000000000 . 7.242339585576 -6.444280220294 -0.757599644585 0.998123377779 -0.056668285074 -0.023204055622 2.000000000000 . 95
-2.723732881518 6.673088685177 3.665983090144 -0.145671402894 -1.828596118660 -0.682186077764 0.999792983659 -0.018068142178 -0.009355857255 0.018102000843 0.999829853605 0.003547027612 0.009290177190 -0.003715653055 0.999949942012 0.082086387563 0.210413128509 -0.201069132165  | 1.000000000000 -2.728377970113 6.674946511704 3.166008119138 0.829365343342 0.558678292512 -0.005629378086 1.500000000000 . -2.719087792923 6.671230858649 4.165958061150 0.999792983659 -0.018068142178 -0.009355857255 2.000000000000 . 26
13.161929226562 -10.656683005369 7.444458855496 0.486090666549 1.006438610695 -1.577862622135 0.999642344196 -0.012528472248 -0.023626702547 0.012877466436 0.999809355208 0.014677332755 0.023438313683 -0.014976335391 0.999613102570 0.330209865831 0.536112643552 -0.147964585973  | 1.000000000000 13.150210069720 -10.649194837673 6.944652304211 0.826245276873 0.563204367039 -0.010935289320 1.500000000000 . 13.173648383403 -10.664171173064 7.944265406781 0.999642344196 -0.012528472248 -0.023626702547 2.000000000000 . 93
1.510331447082 -3.674744855742 -8.926314362860 1.191963660302 0.450591237546 0.675385462844 0.999541489871 -0.024261305720 -0.018116265357 0.024768343490 0.999292318894 0.028308842430 0.017416635337 -0.028744572422 0.999435045598 0.649015108393 0.399181133319 -0.276056864019  | 1.000000000000 1.501623129413 -3.660372569530 -9.426031885659 0.832982988776 0.553296832717 0.001397309337 1.500000000000 . 1.519039764751 -3.689117141953 -8.426596840061 0.999541489871 -0.024261305720 -0.018116265357 2.000000000000 . 66
-3.958051812003 4.523292615710 3.935785271442 0.444088403669 -0.650159084344 1.221133458365 0.999116160232 0.041519931169 -0.006556956466 -0.041333219980 0.998795979018 0.026422664972 0.007646128984 -0.026128291446 0.999629355860 0.594104059459 0.166816726779 0.479129048002  | 1.000000000000 -3.961874876495 4.536356761433 3.435970593511 0.794720279682 0.606896978249 0.009784273845 1.500000000000 . -3.954228747511 4.510228469987 4.435599949372 0.999116160232 0.041519931169 -0.006556956466 2.000000000000 . 75
-8.153899340292 7.598618903853 -3.167143599978 1.738843369352 -0.475004480171 1.058744788571 0.999969354168 -0.003565171324 -0.006969955354 0.003333328923 0.999449912135 -0.032996394520 0.007083759066 0.032972150164 0.999431167050 -0.750200252974 0.160283743579 -0.048417396630  | 1.000000000000 -8.157441219825 7.582132828771 -3.666859183503 0.821038855341 0.570340505198 -0.024635407649 1.500000000000 . -8.150357460759 7.615104978935 -2.667428016453 0.999969354168 -0.003565171324 -0.006969955354 2.000000000000 . 63
3.078450268251 -1.787877529741 -9.435982592116 -0.066763562195 1.373114276521 1.702666441112 0.998041188444 -0.056947711732 -0.025898731598 0.056969852700 0.998375892203 0.000117263833 0.025849991359 -0.001592481060 0.999664564717 0.027727681763 0.587307582117 -0.646611857255  | 1.000000000000 3.065525272571 -1.787081289211 -9.935814874474 0.850224040817 0.525996055793 -0.021147739050 1.500000000000 . 3.091375263930 -1.788673770271 -8.936150309757 0.998041188444 -0.056947711732 -0.025898731598 2.000000000000 . 45
13.000968190172 3.901112160305 -7.848314945745 0.517595986864 -0.370794336783 1.106203815705 0.998962902664 0.037950532810 -0.025157030034 -0.037496141133 0.999129296365 0.018294494930 0.025829411547 -0.017332230209 0.999516100568 0.397812232721 0.580762607159 0.432214131803  | 1.000000000000 12.988053484399 3.909778275410 -8.348072996029 0.796795596457 0.604164281279 -0.010114141199 1.500000000000 . 13.013882895946 3.892446045201 -7.348556895461 0.998962902664 0.037950532810 -0.025157030034 2.000000000000 . 85
-1.209706858475 8.501963744678 7.379965299835 0.790449575156 1.231304473242 -0.802168930081 0.999606092868 -0.025511811415 -0.011696434464 0.025722032201 0.999503637141 0.018189458509 0.011226582753 -0.018483149616 0.999766141165 0.414759874671 0.241578347705 -0.315102912350  | 1.000000000000 -1.215320149852 8.511205319486 6.880082229253 0.833582921829 0.552393685593 0.000851886705 1.500000000000 . -1.204093567099 8.492722169870 7.879848370418 0.999606092868 -0.025511811415 -0.011696434464 2.000000000000 . 28
-8.309528491357 6.898051492875 3.530522197470 -0.161558634660 -0.128140243006 -0.090647233577 0.999062008959 0.017473592037 -0.039620396711 -0.016424831818 0.999510068069 0.026642986461 0.040066534090 -0.025967237226 0.998859537391 0.592139643956 0.904010618479 0.192291769649  | 1.000000000000 -8.329561758402 6.911035111487 3.031092428775 0.808962786164 0.587608955150 -0.017173339466 1.500000000000 . -8.289495224312 6.885067874262 4.029951966166 0.999062008959 0.017473592037 -0.039620396711 2.000000000000 . 86
3.382480516162 -10.135212346260 -3.866385065771 1.294292836813 -0.652249913822 -1.117703994742 0.999375328006 0.025171012863 -0.024806730611 -0.025799966429 0.999345175750 -0.025368906903 0.024151925480 0.025993072474 0.999370324094 -0.583687741584 0.549578685386 0.290952936974  | 1.000000000000 3.370404553422 -10.148208882497 -4.366070227818 0.803842085766 0.593819734773 -0.034871491293 1.500000000000 . 3.394556478902 -10.122215810023 -3.366699903725 0.999375328006 0.025171012863 -0.024806730611 2.000000000000 . 76
0.894692262806 9.664879780233 -8.550843841041 0.276177786759 -1.360863805144 0.026651759003 0.998457172155 0.055462790973 -0.002674731729 -0.055450278073 0.998451104577 0.004545154706 0.002922675815 -0.004389827696 0.999986093593 0.099581907245 0.064477701258 0.631586436570  | 1.000000000000 0.893230924898 9.667074694081 -9.050836887837 0.786083256329 0.618120488447 0.000415981703 1.500000000000 . 0.896153600713 9.662684866385 -8.050850794244 0.998457172155 0.055462790973 -0.002674731729 2.000000000000 . 29
2.349625709714 -10.820028697988 -0.973432663191 -0.468275058612 1.088374765035 0.827687869036 0.998385435136 -0.055417925140 -0.012465010262 0.055483239656 0.998447317454 0.004956247193 0.012170991122 -0.005639844162 0.999910025519 0.121999430778 0.281640230837 -0.634544990387  | 1.000000000000 2.343540214153 -10.817208775907 -1.473387675950 0.849653344980 0.527290151442 -0.007367951964 1.500000000000 . 2.355711205275 -10.822848620069 -0.473477650432 0.998385435136 -0.055417925140 -0.012465010262 2.000000000000 . 5
10.818579372459 0.650585341266 -1.655343046654 1.055842522331 0.848234347243 1.315499555860 0.999631143564 0.023387792107 0.013805361144 -0.023000490297 0.999355052562 -0.027576373322 -0.014441407898 0.027248671524 0.999524364705 -0.618916855429 -0.323616699340 0.265540436609  | 1.000000000000 10.825800076408 0.636961005504 -2.155105229006 0.805657351156 0.592364670960 -0.004508468294 1.500000000000 . 10.811358668510 0.664209677028 -1.155580864302 0.999631143564 0.023387792107 0.013805361144 2.000000000000 . 72
-4.379767285990 -12.154607562049 -12.347719043360 -1.534601030294 -1.082078942987 0.074233929518 0.999313021918 -0.011711885296 0.035161285076 0.011581499374 0.999925289093 0.003909616848 -0.035204447129 -0.003499710626 0.999374003528 0.080272569943 -0.797140983593 -0.142824025262  | 1.000000000000 -4.362165062426 -12.152857706736 -12.847406045124 0.825232175683 0.563939772852 0.031044902512 1.500000000000 . -4.397369509555 -12.156357417361 -11.848032041596 0.999313021918 -0.011711885296 0.035161285076 2.000000000000 . 23
12.813868555710 -10.714838264240 2.126753158704 0.370892005827 -1.323808733238 0.712498761758 0.999399624782 0.020028879100 0.028270726705 -0.020742535692 0.999467708987 0.025180268175 -0.027751345905 -0.025751557124 0.999283103082 0.578264033000 -0.628254062321 0.229832611315  | 1.000000000000 12.827744228663 -10.701962485678 1.627111607163 0.806762811636 0.589677827590 0.037600832031 1.500000000000 . 12.799992882758 -10.727714042802 2.626394710245 0.999399624782 0.020028879100 0.028270726705 2.000000000000 . 7
7.375272344701 -5.643741101701 3.769732955903 0.541106505191 0.159445837706 -0.928254288481 0.999286402675 0.037309547934 -0.005889232749 -0.037289704830 0.999298562325 0.003444016496 0.006013596518 -0.003221951104 0.999976727573 0.075419561378 0.132880274740 0.426344144843  | 1.000000000000 7.372265546442 -5.642130126149 3.269744592116 0.797178999150 0.603736304177 -0.002848770299 1.500000000000 . 7.378279142959 -5.645352077253 4.269721319689 0.999286402675 0.037309547934 -0.005889232749 2.000000000000 . 33
-1.233365013600 11.667780951093 -2.899367357118 -0.374421578299 1.420020698705 -0.680925128592 0.999986656868 0.005079417556 -0.000941064616 -0.005080379132 0.999986572297 -0.001022239030 0.000935859601 0.001027006355 0.999999034712 -0.023261185290 0.023896209033 0.061270726225  | 1.000000000000 -1.233832943401 11.667267447915 -3.399366874474 0.816227124170 0.577729553439 -0.001357207224 1.500000000000 . -1.232897083800 11.668294454270 -2.399367839762 0.999986656868 0.005079417556 -0.000941064616 2.000000000000 . 24
11.097019255384 -2.487304547136 -8.621147499889 0.464534899447 2.068508272554 -1.447090033988 0.999655133598 -0.022986269907 -0.012698238716 0.022784400162 0.999615229390 -0.015819743358 0.013056989698 0.015524965908 0.999794224055 -0.353511898317 0.293344379139 -0.259250841453  | 1.000000000000 11.090490760535 -2.495067030090 -9.121044611916 0.831938137116 0.554526494757 -0.019475620226 1.500000000000 . 11.103547750233 -2.479542064182 -8.121250387861 0.999655133598 -0.022986269907 -0.012698238716 2.000000000000 . 97
3.510155992348 2.462226046531 8.389767929034 0.847134061149 0.386450386673 0.539290453771 0.999553580983 0.025629887966 -0.015354073927 -0.025755030577 0.999636201818 -0.008008896046 0.015143221034 0.008400765366 0.999850043756 -0.187936610710 0.343967400054 0.294695668531  | 1.000000000000 3.502584381831 2.458025663848 7.889842907156 0.804013876202 0.594362548946 -0.017171035062 1.500000000000 . 3.517727602865 2.466426429214 8.889692950912 0.999553580983 0.025629887966 -0.015354073927 2.000000000000 . 34
-2.650402819758 -3.669462429432 -8.811227616950 -0.423490561882 -1.648239808595 0.563425526121 0.999124456324 -0.036189033624 -0.020992251465 0.036738949672 0.998975319175 0.026430309422 0.020014253751 -0.027178401802 0.999430219736 0.610941843759 0.459356951564 -0.417655197211  | 1.000000000000 -2.660409946633 -3.655873228531 -9.310942726819 0.839507432574 0.543344386501 -0.002036042826 1.500000000000 . -2.640395692882 -3.683051630333 -8.311512507082 0.999124456324 -0.036189033624 -0.020992251465 2.000000000000 . 99
6.849923831578 10.599432395432 -10.989264125470 0.160635567760 0.820821542265 1.188506501564 0.998770595465 -0.046792472435 0.016363439677 0.046896397718 0.998881582891 -0.006025881077 -0.016063172652 0.006785859207 0.999847951740 -0.149496089952 -0.368859729492 -0.531897296601  | 1.000000000000 6.857955417904 10.596039465828 -11.489188101340 0.845043639619 0.534604793045 0.009947841577 1.500000000000 . 6.841892245252 10.602825325035 -10.489340149600 0.998770595465 -0.046792472435 0.016363439677 2.000000000000 . 0
-1.957631054005 6.589420961929 -2.635377291189 0.522125076908 0.608192494027 0.289808588674 0.999860836291 0.015892054138 0.005074511430 -0.015638402058 0.998790038232 -0.046625099572 -0.005809340072 0.046539253800 0.998899569238 -1.052111690026 -0.137927417525 0.175841308057  | 1.000000000000 -1.954726383969 6.566151335029 -3.134827075808 0.810068224785 0.585900443004 -0.022586262237 1.500000000000 . -1.960535724041 6.612690588829 -2.135927506570 0.999860836291 0.015892054138 0.005074511430 2.000000000000 . 46
6.388073121347 13.238848968547 8.779768454475 0.559360822415 0.303312493269 0.157399331245 0.998777485555 -0.037615567614 -0.032071847797 0.036287412123 0.998498584311 -0.041034142495 0.033567217183 0.039820173304 0.998642876973 -0.908354019615 0.750591271224 -0.420201276428  | 1.000000000000 6.371289512756 13.218938881895 8.280447015989 0.838964219461 0.541902394388 -0.049807936920 1.500000000000 . 6.404856729939 13.258759055199 9.279089892962 0.998777485555 -0.037615567614 -0.032071847797 2.000000000000 . 94
4.597799129777 -13.293667390363 -6.992315171139 0.523791280497 0.007993356878 1.330529102455 0.997368194510 -0.052542063313 0.049960145746 0.053411020553 0.998440886333 -0.016219105460 -0.049030066934 0.018844842301 0.998619509350 -0.411643242415 -1.116293457333 -0.606503682703  | 1.000000000000 4.622314163244 -13.303089811514 -7.491624925814 0.847631494190 0.529642230785 0.031622058537 1.500000000000 . 4.573284096310 -13.284244969213 -6.493005416463 0.997368194510 -0.052542063313 0.049960145746 2.000000000000 . 27
-5.830508588760 -4.376760790708 6.503342082045 -1.801308406944 0.892406191646 0.704419023142 0.997456347470 -0.068769215578 0.018751796742 0.069107890083 0.997445822181 -0.018053568680 -0.017462371562 0.019303543783 0.999661161983 -0.429689935260 -0.403440184539 -0.791551555265  | 1.000000000000 -5.821777402979 -4.386412562600 6.003511501054 0.856707059410 0.515778980549 0.005005470902 1.500000000000 . -5.839239774541 -4.367109018817 7.003172663037 0.997456347470 -0.068769215578 0.018751796742 2.000000000000 . 64
6.490561848520 -1.432449468364 -1.284826505859 0.290159978812 0.584224652900 -0.223401116735 0.999780887129 0.020437959861 0.004524105158 -0.020532402720 0.999548887672 0.021918977908 -0.004074085087 -0.022007065927 0.999749514068 0.497461564595 -0.094848686155 0.235132494984  | 1.000000000000 6.492598891064 -1.421445935401 -1.784701262894 0.807195650788 0.590059489110 0.016278139286 1.500000000000 . 6.488524805977 -1.443453001327 -0.784951748825 0.999780887129 0.020437959861 0.004524105158 2.000000000000 . 16
8.054378390703 -7.598425207603 -7.401230820913 -1.146161545220 -0.755416822482 -0.579731583482 0.998896560854 -0.027882879634 0.037791609352 0.026764274844 0.999197825666 0.029788903592 -0.038591894306 -0.028744568331 0.998841536724 0.656597478535 -0.866838867047 -0.310819715842  | 1.000000000000 8.073674337857 -7.584052923438 -7.900651589275 0.833599513057 0.550276013968 0.048043287170 1.500000000000 . 8.035082443550 -7.612797491769 -6.901810052551 0.998896560854 -0.027882879634 0.037791609352 2.000000000000 . 98
8.275467046965 -10.838196189614 8.943148637292 0.747317509752 0.837333371082 1.418155570084 0.999876782045 -0.015595711981 -0.001787315146 0.015637611481 0.999526621734 0.026495236399 0.001373256994 -0.026519921050 0.999647341792 0.599768681989 0.033812800545 -0.177055344099  | 1.000000000000 8.274780418468 -10.824936229089 8.443324966395 0.828020471284 0.560529662095 0.013732960523 1.500000000000 . 8.276153675462 -10.851456150139 9.442972308188 0.999876782045 -0.015595711981 -0.001787315146 2.000000000000 . 19
13.387717480345 0.372545577812 -5.800194360147 -0.695866602700 1.988580353926 0.918555958835 0.999465903219 0.025294121229 -0.020690957757 -0.025009761057 0.999590727462 0.013888463721 0.021033786002 -0.013363570028 0.999689449200 0.305423339665 0.474335140958 0.288567212463  | 1.000000000000 13.377200587344 0.379227362826 -6.300039084747 0.804369523820 0.594061421920 -0.008982944679 1.500000000000 . 13.398234373346 0.365863792799 -5.300349635546 0.999465903219 0.025294121229 -0.020690957757 2.000000000000 . 47
-10.411243683444 11.468427497108 -3.934902550526 0.503781595792 -0.991086529900 -0.930325992789 0.999863647268 0.011322492188 -0.012020317916 -0.011329951699 0.999935661313 -0.000552657190 0.012013287088 0.000688771456 0.999927600643 -0.012981027831 0.267420049884 0.126200442762  | 1.000000000000 -10.417250326988 11.468083111380 -4.434866350848 0.812541753020 0.582814379419 -0.010163459086 1.500000000000 . -10.405237039900 11.468771882836 -3.434938750205 0.999863647268 0.011322492188 -0.012020317916 2.000000000000 . 50
13.054246660808 0.830713364668 11.267125999946 -0.569133770575 -0.251971833181 -1.415154152820 0.998541242837 0.053787180526 0.004724993613 -0.053791565942 0.998551860415 0.000805912063 -0.004674803425 -0.001058901239 0.999988512405 0.022643553159 -0.104433733376 0.616271386642  | 1.000000000000 13.056584062521 0.831242815288 10.767131743744 0.787103521199 0.616805699906 0.004332740329 1.500000000000 . 13.051909259096 0.830183914049 11.767120256148 0.998541242837 0.053787180526 0.004724993613 2.000000000000 . 1
11.847838927629 -0.416508998421 7.131849057021 0.051840295294 0.239547061427 -1.565230674903 0.999140295025 -0.039022515386 -0.013996933635 0.039074252773 0.999230381532 0.003442004306 0.013851845670 -0.003985964921 0.999896113831 0.089940455893 0.309767211699 -0.453498880435  | 1.000000000000 11.840913004794 -0.414516015960 6.631901000105 0.840859881717 0.541169631894 -0.009491364164 1.500000000000 . 11.854764850464 -0.418501980881 7.631797113936 0.999140295025 -0.039022515386 -0.013996933635 2.000000000000 . 90
10.989155355461 5.027643262089 3.803817885975 0.758220772736 0.447702554986 0.738780853067 0.999564232424 -0.004027912353 0.029242455113 0.002841627275 0.999175659064 0.040496018183 -0.029381463772 -0.040395275173 0.998751696534 0.914940746262 -0.663797008118 -0.040228075703  | 1.000000000000 11.003846087347 5.047840899675 3.304442037708 0.820424970557 0.569804144840 0.047181578704 1.500000000000 . 10.974464623575 5.007445624502 4.303193734242 0.999564232424 -0.004027912353 0.029242455113 2.000000000000 . 30
10.779897656873 -5.446767029501 -7.174409577198 1.852295487259 0.622397348462 1.417987774647 0.999712579680 -0.004830870476 0.023482349130 0.004600242963 0.999940753759 0.009865431421 -0.023528616511 -0.009754571384 0.999675573645 0.221529054151 -0.531403001554 -0.051351854570  | 1.000000000000 10.791661965128 -5.441889743810 -7.674247364020 0.821555190040 0.569585240347 0.024894193227 1.500000000000 . 10.768133348618 -5.451644315193 -6.674571790375 0.999712579680 -0.004830870476 0.023482349130 2.000000000000 . 40
-7.246705620833 -6.210959457382 -12.742659523196 1.735754007117 -0.848856179870 -1.351407506513 0.999597354647 0.026715627723 -0.009560534373 -0.026867007134 0.999509806463 -0.016072047564 0.009126473021 0.016322439174 0.999825127445 -0.367946884044 0.208704632466 0.305925029152  | 1.000000000000 -7.251268857344 -6.219120676969 -13.242572086918 0.803411929933 0.595179437485 -0.017050079060 1.500000000000 . -7.242142384323 -6.202798237795 -12.242746959474 0.999597354647 0.026715627723 -0.009560534373 2.000000000000 . 41
-0.477581121973 -5.855645197726 1.236183661113 1.633924639300 1.435928144616 -1.545524610619 0.999516139484 -0.013649229537 0.027949694895 0.013163806310 0.999760575723 0.017478713721 -0.028181574035 -0.017102332091 0.999456506869 0.389344565040 -0.636422383344 -0.154114242090  | 1.000000000000 -0.463490334955 -5.847094031681 0.736455407678 0.826306133831 0.562258317656 0.032920427983 1.500000000000 . -0.491671908991 -5.864196363772 1.735911914547 0.999516139484 -0.013649229537 0.027949694895 2.000000000000 . 48
-10.290245347887 -13.389196462581 -7.650978874561 -1.362740448914 0.301217106779 0.779606742216 0.999940647041 -0.000519832496 -0.010882654482 0.000486958746 0.999995311618 -0.003023179293 0.010884175007 0.003017700455 0.999936212075 -0.068492696552 0.246767659585 -0.006570051035  | 1.000000000000 -10.295687435390 -13.390705312809 -8.150946980598 0.819382728967 0.573147929005 -0.010648573036 1.500000000000 . -10.284803260383 -13.387687612354 -7.151010768523 0.999940647041 -0.000519832496 -0.010882654482 2.000000000000 . 3
-6.085203613838 9.771204689309 -12.941470326632 0.177445960237 -0.330746438655 -0.699258580631 0.998202358255 0.058066366849 0.014844157582 -0.058413826148 0.998000155995 0.024156025089 -0.013411818968 -0.024979705250 0.999597987912 0.560932001449 -0.311964905317 0.667468138372  | 1.000000000000 -6.078497704354 9.783694541934 -13.441269320588 0.784174703649 0.619994559455 0.026014948841 1.500000000000 . -6.091909523322 9.758714836684 -12.441671332676 0.998202358255 0.058066366849 0.014844157582 2.000000000000 . 10
-13.084552426356 2.057749802358 0.543405508198 0.864005399096 0.199603650637 -1.564207449952 0.998737023135 0.049042105607 -0.010919271776 -0.048943164907 0.998759641371 0.009151250046 0.011354524534 -0.008605268510 0.999898506913 0.198456344305 0.253724851205 0.558664959231  | 1.000000000000 -13.090229688623 2.062052436613 0.043456254741 0.790044823635 0.613037940367 -0.003695602327 1.500000000000 . -13.078875164089 2.053447168103 1.043354761654 0.998737023135 0.049042105607 -0.010919271776 2.000000000000 . 92
-10.415972268152 -11.770331165469 12.655737104450 -0.676109155698 -0.717677067899 -1.110278728905 0.999826411148 -0.014367764102 -0.011862332193 0.014454051064 0.999869462988 0.007220622689 0.011757039516 -0.007390828024 0.999903569192 0.166588196750 0.268858164173 -0.164244334327  | 1.000000000000 -10.421850787910 -11.766635751457 12.155785319854 0.827300347491 0.561732183771 -0.005575474558 1.500000000000 . -10.410093748394 -11.774026579481 13.155688889046 0.999826411148 -0.014367764102 -0.011862332193 2.000000000000 . 82
-8.798966417465 9.442754156346 -4.052593414189 1.881002325637 0.366700880892 -0.846181382286 0.999934349925 0.005403585034 -0.010104311426 -0.005681960059 0.999599371551 -0.027727454364 0.009950435694 0.027783046349 0.999564450731 -0.629771622366 0.231810778903 0.066626190927  | 1.000000000000 -8.803941635312 9.428862633172 -4.552375639555 0.815839224184 0.577773006664 -0.024180781882 1.500000000000 . -8.793991199618 9.456645679521 -3.552811188824 0.999934349925 0.005403585034 -0.010104311426 2.000000000000 . 37
-8.690975957854 -12.853271939563 -2.456274140687 -1.160801117051 1.309804380277 1.270814986238 0.999441414611 -0.033040460991 0.005018634997 0.032951596196 0.999314685250 0.016862744499 -0.005572348504 -0.016687953182 0.999845218597 0.378457113109 -0.123226668558 -0.376790847275  | 1.000000000000 -8.688189783602 -12.844927962972 -2.956196749985 0.837594732878 0.546118198582 0.013783098054 1.500000000000 . -8.693762132105 -12.861615916154 -1.956351531389 0.999441414611 -0.033040460991 0.005018634997 2.000000000000 . 91
1.161266786246 -2.088152057060 10.788842929412 0.394517236243 0.995366701601 -0.341968494994 0.999892866663 0.013879247825 0.004649911513 -0.013844908000 0.999877231613 -0.007337589885 -0.004751180879 0.007272426187 0.999962268337 -0.157612013080 -0.116749761465 0.154736385212  | 1.000000000000 1.163642376685 -2.091788270153 10.288861795244 0.811123168465 0.584875237115 -0.000399684183 1.500000000000 . 1.158891195806 -2.084515843966 11.288824063581 0.999892866663 0.013879247825 0.004649911513 2.000000000000 . 79
-0.055904871561 -1.748666470033 8.800185662720 -0.003784651569 -0.008874727153 0.011522987647 0.999999653485 -0.000678618162 0.000482189547 0.000678564124 0.999999763478 0.000112222326 -0.000482265589 -0.000111895090 0.999999877450 0.005071770433 -0.021783432036 -0.015490777104  | 1.000000000000 -0.055663738766 -1.748610522488 8.300185723995 0.818762547757 -0.574132195789 0.000330618469 1.500000000000 . -0.056146004355 -1.748722417578 9.300185601444 0.999999653485 -0.000678618162 0.000482189547 2.000000000000 . 96
-1.708026847637 -10.848990622226 6.230527147907 0.003037729347 0.001893153512 0.000312600484 0.999999982430 -0.000187011718 0.000012915212 0.000187011927 0.999999982382 -0.000016227005 -0.000012912178 0.000016229420 0.999999999785 -0.000734575807 -0.000581573611 -0.004286521667  | 1.000000000000 -1.708020391548 -10.848998736936 5.730527148014 0.819044759972 -0.573729620924 0.000019886950 1.500000000000 . -1.708033303726 -10.848982507516 6.730527147799 0.999999982430 -0.000187011718 0.000012915212 2.000000000000 . 2
-11.987825568736 -0.849552228309 3.920673140289 -1.977873904129 -1.988907435833 0.002695378171 0.999924994444 -0.000018179140 0.012247659166 0.000149040475 0.999942915775 -0.010683771684 -0.012246765796 0.010684795739 0.999867917211 -0.241327573617 -0.275263005249 -0.001913556832  | 1.000000000000 -11.981702185838 -0.854894626179 3.420739181683 0.819005112941 -0.573558589313 0.016160654719 1.500000000000 . -11.993948951634 -0.844209830440 4.420607098894 0.999924994444 -0.000018179140 0.012247659166 2.000000000000 . 20
-0.954559397816 7.305903524544 8.056571697220 1.089238403013 0.076398677366 0.033200501491 0.999559530206 -0.000630631029 -0.029670656863 0.002098531062 0.998773502579 0.049468037299 0.029603069799 -0.049508512918 0.998334896419 1.123834977042 0.664021330602 -0.031850422302  | 1.000000000000 -0.969360932716 7.330657781003 7.557404249011 0.817587560294 -0.573389532670 -0.052678479825 1.500000000000 . -0.939757862916 7.281149268085 8.555739145430 0.999559530206 -0.000630631029 -0.029670656863 2.000000000000 . 15
-10.331440066545 8.276007761018 -2.963937176896 -0.528724824720 -0.966781514262 -0.006114023685 0.999981014121 0.000480370268 0.006143341288 -0.000654661483 0.999596416116 0.028400287071 -0.006127219281 -0.028403769675 0.999577752380 0.645555314534 -0.131809939831 0.013064287296  | 1.000000000000 -10.328376456904 8.290209645856 -3.463726053086 0.819511986081 -0.572951457508 -0.011257405005 1.500000000000 . -10.334503676185 8.261805876181 -2.464148300706 0.999981014121 0.000480370268 0.006143341288 2.000000000000 . 9
4.326573220490 9.495634767245 4.748345356495 -1.062138969335 1.203861136882 -0.006484672985 0.999916030980 -0.002111513009 0.012785636542 0.002497277096 0.999539810938 -0.030231274471 -0.012715919002 0.030260665258 0.999461153593 -0.689352355377 -0.274943084946 -0.052538502934  | 1.000000000000 4.332931179991 9.480504434616 4.248614779698 0.817650877300 -0.575042136586 0.027813327044 1.500000000000 . 4.320215260988 9.510765099874 5.248075933291 0.999916030980 -0.002111513009 0.012785636542 2.000000000000 . 53
-10.889514206224 -1.098115047871 0.247994198599 -0.893700119141 -1.152834146267 -0.000714968486 0.999988935755 -0.000037602631 -0.004703929592 -0.000023099209 0.999916742550 -0.012903775972 0.004704023171 0.012903741859 0.999905678358 -0.291792731343 0.107956928681 -0.000159670881  | 1.000000000000 -10.891866217809 -1.104566918801 -0.251958640580 0.819156225863 -0.573559487760 0.003548068363 1.500000000000 . -10.887162194638 -1.091663176942 0.747947037778 0.999988935755 -0.000037602631 -0.004703929592 2.000000000000 . 62
6.012471779752 -3.475101820783 9.819717298936 0.175390767389 -1.411508446827 0.000552579697 0.999843622350 -0.000121071572 -0.017683783195 -0.000082199716 0.999933942950 -0.011493606022 0.017684006605 0.011493262281 0.999777565678 -0.260199947626 0.400795482990 -0.000456219178  | 1.000000000000 6.003629776449 -3.480848451924 9.319828516097 0.819071090750 -0.573637727258 -0.007893245454 1.500000000000 . 6.021313783055 -3.469355189643 10.319606081775 0.999843622350 -0.000121071572 -0.017683783195 2.000000000000 . 13
-3.210021091721 0.223321152471 0.969509088040 0.035234132014 -0.619862148580 -0.000161557460 0.999773306577 -0.000260178784 -0.021290086013 -0.000313441874 0.999637129419 -0.026935315856 0.021289368465 0.026935883002 0.999410436706 -0.609880297678 0.481452131720 0.000615987411  | 1.000000000000 -3.220665775953 0.209853210970 0.469803869686 0.819146126495 -0.573581431966 -0.001990354810 1.500000000000 . -3.199376407488 0.236789093972 1.469214306393 0.999773306577 -0.000260178784 -0.021290086013 2.000000000000 . 6
10.056637626933 0.322903098663 5.731756679719 0.229339154393 0.552588273922 0.009821638617 0.999951271746 -0.000301853174 0.009867270072 0.000436457745 0.999906845394 -0.013642215309 -0.009862232944 0.013645857194 0.999858253425 -0.307312727116 -0.227424958227 -0.008406964547  | 1.000000000000 10.061568743405 0.316080170066 5.231827553006 0.818861782271 -0.573770272356 0.015907647700 1.500000000000 . 10.051706510460 0.329726027261 6.231685806432 0.999951271746 -0.000301853174 0.009867270072 2.000000000000 . 11
-12.298166138271 -4.874429432987 5.787637887971 -0.183156063340 -0.546669216830 0.000428205503 0.999825321652 0.000139977296 0.018689745588 0.000164360067 0.999867440180 -0.016281125714 -0.018689547067 0.016281353602 0.999692761980 -0.368585948386 -0.423591095975 -0.000271309062  | 1.000000000000 -12.288821364737 -4.882570109788 5.287791506981 0.818914678813 -0.573385744122 0.024648213352 1.500000000000 . -12.307510911804 -4.866288756186 6.287484268961 0.999825321652 0.000139977296 0.018689745588 2.000000000000 . 56
-1.178552099040 5.543410812267 -0.523390834222 0.048327260807 -1.007900054375 -0.005680186631 0.999733846017 -0.001025402180 0.023047465783 0.000315046907 0.999525396774 0.030803927512 -0.023068113796 -0.030788467891 0.999259692158 0.698624704858 -0.524593524873 -0.015339169023  | 1.000000000000 -1.167018042142 5.558805046213 -1.023020680300 0.818753315938 -0.574144179059 0.001210971533 1.500000000000 . -1.190086155938 5.528016578321 -0.023760988143 0.999733846017 -0.001025402180 0.023047465783 2.000000000000 . 80
-12.283890598292 -11.771723355508 -11.754228390307 -0.955295948791 -1.274822426910 -0.003940525036 0.999946391065 -0.000122881547 0.010353738231 -0.000229701625 0.999420252851 0.034045637428 -0.010351919262 -0.034046190548 0.999366646770 0.772213255007 -0.231843654963 0.001292176547  | 1.000000000000 -12.278714638661 -11.754700260234 -12.253911713692 0.819239877572 -0.573344569364 -0.011046489720 1.500000000000 . -12.289066557923 -11.788746450783 -11.254545066922 0.999946391065 -0.000122881547 0.010353738231 2.000000000000 . 69
-4.004940209074 -11.260340651362 -5.812237349867 0.169161075126 -1.319819065396 0.000973506528 0.999761276487 -0.000118410891 0.021848936264 -0.000110752492 0.999945003465 0.010487029123 -0.021848976426 -0.010486945446 0.999706279966 0.237515097958 -0.494102851934 -0.000073989228  | 1.000000000000 -3.994015720861 -11.255097178639 -6.312090489850 0.819020014167 -0.573641891806 0.011882487882 1.500000000000 . -4.015864697287 -11.265584124085 -5.312384209883 0.999761276487 -0.000118410891 0.021848936264 2.000000000000 . 38
0.553726364130 4.969723104385 -0.574347958311 -0.226753846054 -1.122515653090 -0.000361514983 0.999684929807 -0.000050039364 0.025100569965 0.000520929818 0.999823993284 -0.018753961872 -0.025095213660 0.018761128693 0.999509004613 -0.426551310463 -0.569476594992 -0.006601734152  | 1.000000000000 0.566273970960 4.960342540039 -1.074102460617 0.818595156538 -0.573516476542 0.031318013779 1.500000000000 . 0.541178757300 4.979103668732 -0.074593456005 0.999684929807 -0.000050039364 0.025100569965 2.000000000000 . 36
6.672020719926 4.668433532532 -3.038831909114 0.899018329877 -1.655565676786 0.000286313100 0.999865918885 0.000109701238 -0.016374743267 -0.000100507587 0.999999836872 0.000562275030 0.016374802279 -0.000560553853 0.999865766806 0.012422760441 0.369856522104 0.002382278932  | 1.000000000000 6.663833318787 4.668713809459 -3.538764792517 0.819099855966 -0.573486484441 -0.013735912062 1.500000000000 . 6.680208121066 4.668153255605 -2.538899025711 0.999865918885 0.000109701238 -0.016374743267 2.000000000000 . 55
11.825273456646 1.176070318851 -12.586452552462 -0.261264923240 -0.144741224787 -0.000351210963 0.999966691097 0.000063144784 -0.008161660993 0.000187043554 0.999530170157 0.030649697574 0.008159761770 -0.030650203253 0.999496865092 0.694624667662 0.186378441770 -0.001427663690  | 1.000000000000 11.821193575761 1.191395420477 -13.086200985008 0.819017471168 -0.573255231492 -0.024265585674 1.500000000000 . 11.829353337531 1.160745217224 -12.086704119916 0.999966691097 0.000063144784 -0.008161660993 2.000000000000 . 18
-7.763493300832 -6.617423714338 -5.092772174955 1.414984002900 0.893007745264 0.001133586757 0.999997683492 0.000066251311 -0.002151423095 -0.000112473784 0.999769022662 -0.021491595459 0.002149502319 0.021491787652 0.999766714141 -0.486122728520 0.050416940331 0.002037385415  | 1.000000000000 -7.764568051992 -6.628169608164 -5.592655532025 0.819214654741 -0.573389686944 0.010564730196 1.500000000000 . -7.762418549673 -6.606677820512 -4.592888817885 0.999997683492 0.000066251311 -0.002151423095 2.000000000000 . 71
-5.488314647450 -10.186077192446 -11.977735601965 -0.373987880541 -0.436539470124 0.002438206951 0.999942248522 -0.000498600724 0.010735502701 0.000560647292 0.999983153899 -0.005777334354 -0.010732441266 0.005783019535 0.999925682933 -0.132117464551 -0.243651369132 -0.012097494001  | 1.000000000000 -5.482948426817 -10.188968702214 -12.477698443432 0.818783158681 -0.573975207274 0.012107751809 1.500000000000 . -5.493680868083 -10.183185682679 -11.477772760498 0.999942248522 -0.000498600724 0.010735502701 2.000000000000 . 8
12.343932021169 -12.726183443626 -7.140708225303 -0.274396635612 -1.245378517465 0.000330506116 0.999980025266 -0.000091874626 0.006319859757 -0.000083325677 0.999615825151 0.027716333902 -0.006319978253 -0.027716306882 0.999595850435 0.627683276613 -0.142597771984 -0.000072461170  | 1.000000000000 12.347092010295 -12.712325290185 -7.640506150521 0.819183471301 -0.573431345645 -0.010720510117 1.500000000000 . 12.340772032042 -12.740041597067 -6.640910300086 0.999980025266 -0.000091874626 0.006319859757 2.000000000000 . 17
4.037810613262 5.397327142135 -11.096436357389 -0.023655448774 0.487582736808 0.000486246511 0.999976877613 0.000216356861 0.006796869042 0.000111373258 0.998838641067 -0.048180459818 -0.006799399610 0.048180102760 0.998815521437 -1.090385130765 -0.152410129498 0.001150452185  | 1.000000000000 4.041210313067 5.373237090755 -11.595844118108 0.819069218173 -0.572733082714 0.033202845761 1.500000000000 . 4.034410913457 5.421417193515 -10.597028596671 0.999976877613 0.000216356861 0.006796869042 2.000000000000 . 52
-2.194277828930 -4.067363127346 -4.607517627493 -0.041340132113 0.272074531730 0.000046871006 0.999687432303 -0.000756208820 0.024989314572 0.000028821989 0.999576636969 0.029095463468 -0.025000737267 -0.029085648924 0.999264223398 0.659466937979 -0.566411244820 -0.008947205996  | 1.000000000000 -2.181777460297 -4.052820302884 -5.107149739192 0.818879467920 -0.573953058938 0.003781575654 1.500000000000 . -2.206778197563 -4.081905951808 -4.107885515794 0.999687432303 -0.000756208820 0.024989314572 2.000000000000 . 51
-3.604872276612 -1.808446529470 -5.022164429775 0.310331548854 0.121844105378 0.001066680412 0.999762297072 -0.000551094524 0.021795541946 0.000334639984 0.999950605191 0.009933538886 -0.021799939678 -0.009923883995 0.999713098422 0.224444274966 -0.493832533970 -0.010138446121  | 1.000000000000 -3.593972306773 -1.803484587472 -5.522020978986 0.818765383551 -0.573999538505 0.012156218777 1.500000000000 . -3.615772246451 -1.813408471467 -4.522307880564 0.999762297072 -0.000551094524 0.021795541946 2.000000000000 . 68
6.743531894615 8.870467940425 2.252425956888 -1.585979046691 -0.377129984961 0.009487420571 0.999920616456 0.000370730878 -0.012594576006 -0.000248786484 0.999953092725 0.009682481828 0.012597574824 -0.009678579838 0.999873805138 0.221738035428 0.293113530488 0.007106947044  | 1.000000000000 6.737233107203 8.875307230344 1.752489054319 0.819229710874 -0.573245850138 -0.015870516085 1.500000000000 . 6.749830682026 8.865628650506 2.752362859457 0.999920616456 0.000370730878 -0.012594576006 2.000000000000 . 74
-3.941496088451 11.083758171442 7.727445793910 0.274290744913 -0.614908678360 0.000004185998 0.999954159053 -0.000382389657 0.009567317801 -0.000007512869 0.999170580461 0.040720401336 -0.009574953541 -0.040718606552 0.999124774663 0.921665482084 -0.216954459871 -0.004311778918  | 1.000000000000 -3.936708611680 11.104117474718 7.227883406579 0.819118798500 -0.573413939761 -0.015519174939 1.500000000000 . -3.946283565221 11.063398868166 8.227008181241 0.999954159053 -0.000382389657 0.009567317801 2.000000000000 . 88
5.473395207602 5.001190609555 12.364910164077 -0.251426328300 -1.417934754869 -0.000601270398 0.999857890510 -0.000183898124 -0.016857193329 -0.000176326917 0.999771721631 -0.021365241318 0.016857274224 0.021365177492 0.999629612155 -0.483473717856 0.382491236012 -0.000114134872  | 1.000000000000 5.464966570490 4.990508020810 11.865095358000 0.819136767686 -0.573596145429 -0.001554005249 1.500000000000 . 5.481823844714 5.011873198301 12.864724970155 0.999857890510 -0.000183898124 -0.016857193329 2.000000000000 . 14
